1 2 0.41
2 1 0.41
3 4 29.86
4 3 29.86
5 6 1.64
6 5 1.64
7 8 115.65
8 7 115.65
9 10 50.29
10 9 50.29
11 12 10.53
12 11 10.53
13 14 112.02
14 13 112.02
15 16 64.15
16 15 64.15
16 17 109.28
17 16 109.28
18 19 95.25
19 18 95.25
19 20 25.89
20 19 25.89
21 22 63.94
22 21 63.94
23 24 25.67
24 23 25.67
23 25 3.88
25 23 3.88
26 27 32.12
27 26 32.12
28 29 10.76
29 28 10.76
30 31 64.16
31 30 64.16
32 33 62.29
33 32 62.29
33 34 154.63
34 33 154.63
33 35 105.79
35 33 105.79
32 36 27.9
36 32 27.9
36 37 5.0
37 36 5.0
38 39 30.24
39 38 30.24
38 40 18.13
40 38 18.13
38 41 52.24
41 38 52.24
38 42 92.0
42 38 92.0
43 44 361.03
44 43 361.03
45 46 272.43
46 45 272.43
8 47 70.42
47 8 70.42
48 49 129.94
49 48 129.94
49 50 46.02
50 49 46.02
51 52 113.59
52 51 113.59
53 54 98.35
54 53 98.35
52 55 44.42
55 52 44.42
52 56 124.6
56 52 124.6
57 58 8.79
58 57 8.79
59 60 8.67
60 59 8.67
61 62 6.91
62 61 6.91
62 63 12.96
63 62 12.96
64 65 171.37
65 64 171.37
66 67 6.71
67 66 6.71
68 69 43.19
69 68 43.19
69 70 10.49
70 69 10.49
71 72 70.08
72 71 70.08
73 74 25.35
74 73 25.35
73 75 31.94
75 73 31.94
76 77 20.54
77 76 20.54
78 79 4.17
79 78 4.17
80 81 11.73
81 80 11.73
82 83 0.12
83 82 0.12
84 85 88.41
85 84 88.41
85 86 35.22
86 85 35.22
85 87 99.54
87 85 99.54
86 88 21.62
88 86 21.62
88 89 10.01
89 88 10.01
89 90 58.59
90 89 58.59
91 92 19.66
92 91 19.66
91 93 23.95
93 91 23.95
94 95 114.66
95 94 114.66
84 94 60.75
94 84 60.75
96 97 44.37
97 96 44.37
96 98 45.35
98 96 45.35
97 99 88.55
99 97 88.55
99 100 50.0
100 99 50.0
101 102 59.83
102 101 59.83
98 103 87.85
103 98 87.85
103 104 45.26
104 103 45.26
105 106 38.89
106 105 38.89
107 108 11.4
108 107 11.4
109 110 11.81
110 109 11.81
111 112 9.38
112 111 9.38
112 113 33.06
113 112 33.06
114 115 86.57
115 114 86.57
113 114 47.03
114 113 47.03
116 117 254.17
117 116 254.17
118 119 69.09
119 118 69.09
120 121 3.98
121 120 3.98
122 123 25.36
123 122 25.36
123 124 207.48
124 123 207.48
125 126 22.99
126 125 22.99
127 128 20.85
128 127 20.85
128 129 32.85
129 128 32.85
128 130 51.9
130 128 51.9
126 127 31.34
127 126 31.34
127 131 28.38
131 127 28.38
126 132 13.66
132 126 13.66
133 134 128.54
134 133 128.54
135 136 35.26
136 135 35.26
137 138 16.77
138 137 16.77
139 140 71.65
140 139 71.65
141 142 32.89
142 141 32.89
143 144 1.54
144 143 1.54
143 145 41.27
145 143 41.27
146 147 18.07
147 146 18.07
148 149 22.2
149 148 22.2
150 151 45.69
151 150 45.69
152 153 16.9
153 152 16.9
154 155 75.4
155 154 75.4
156 157 66.66
157 156 66.66
144 147 6.48
147 144 6.48
71 147 45.15
147 71 45.15
158 159 33.19
159 158 33.19
160 161 54.68
161 160 54.68
71 145 25.79
145 71 25.79
162 163 34.82
163 162 34.82
164 165 62.15
165 164 62.15
166 167 186.67
167 166 186.67
168 169 13.87
169 168 13.87
168 170 17.39
170 168 17.39
151 171 39.34
171 151 39.34
172 173 107.58
173 172 107.58
174 175 106.75
175 174 106.75
175 176 122.48
176 175 122.48
177 178 61.46
178 177 61.46
179 180 7.71
180 179 7.71
181 182 9.57
182 181 9.57
183 184 69.19
184 183 69.19
185 186 46.98
186 185 46.98
186 187 85.86
187 186 85.86
188 189 4.82
189 188 4.82
190 191 39.71
191 190 39.71
181 192 161.24
192 181 161.24
193 194 33.92
194 193 33.92
195 196 34.9
196 195 34.9
194 195 104.55
195 194 104.55
195 197 417.04
197 195 417.04
198 199 77.5
199 198 77.5
200 201 163.35
201 200 163.35
202 203 134.93
203 202 134.93
204 205 249.24
205 204 249.24
206 207 31.77
207 206 31.77
206 208 67.72
208 206 67.72
209 210 17.16
210 209 17.16
184 210 46.08
210 184 46.08
211 212 6.2
212 211 6.2
213 214 114.64
214 213 114.64
215 216 26.56
216 215 26.56
215 217 12.77
217 215 12.77
216 218 27.62
218 216 27.62
219 220 44.76
220 219 44.76
219 221 48.5
221 219 48.5
219 222 73.88
222 219 73.88
223 224 82.1
224 223 82.1
225 226 32.53
226 225 32.53
227 228 15.47
228 227 15.47
227 229 21.02
229 227 21.02
230 231 54.2
231 230 54.2
230 232 103.1
232 230 103.1
230 233 94.24
233 230 94.24
232 234 110.25
234 232 110.25
234 235 101.06
235 234 101.06
234 236 17.78
236 234 17.78
236 237 71.47
237 236 71.47
236 238 54.51
238 236 54.51
231 235 45.16
235 231 45.16
239 240 40.18
240 239 40.18
241 242 52.01
242 241 52.01
243 244 52.19
244 243 52.19
151 245 56.93
245 151 56.93
246 247 23.12
247 246 23.12
248 249 47.84
249 248 47.84
250 251 10.12
251 250 10.12
229 252 68.0
252 229 68.0
229 253 19.96
253 229 19.96
254 255 55.92
255 254 55.92
256 257 82.2
257 256 82.2
258 259 106.69
259 258 106.69
260 261 35.91
261 260 35.91
262 263 37.2
263 262 37.2
260 262 4.17
262 260 4.17
262 264 21.7
264 262 21.7
265 266 26.5
266 265 26.5
225 267 63.67
267 225 63.67
268 269 105.03
269 268 105.03
270 271 75.28
271 270 75.28
272 273 44.74
273 272 44.74
273 274 22.8
274 273 22.8
273 275 56.26
275 273 56.26
274 276 82.44
276 274 82.44
275 277 68.16
277 275 68.16
275 278 37.07
278 275 37.07
274 279 68.29
279 274 68.29
280 281 22.06
281 280 22.06
279 280 6.31
280 279 6.31
278 280 41.49
280 278 41.49
247 282 54.31
282 247 54.31
283 284 62.69
284 283 62.69
283 285 11.09
285 283 11.09
61 286 7.39
286 61 7.39
287 288 71.69
288 287 71.69
289 290 65.24
290 289 65.24
291 292 43.82
292 291 43.82
293 294 12.6
294 293 12.6
294 295 239.44
295 294 239.44
296 297 88.59
297 296 88.59
298 299 13.21
299 298 13.21
298 300 64.32
300 298 64.32
301 302 50.24
302 301 50.24
303 304 45.87
304 303 45.87
305 306 42.35
306 305 42.35
305 307 40.76
307 305 40.76
308 309 43.98
309 308 43.98
310 311 172.26
311 310 172.26
312 313 391.55
313 312 391.55
314 315 53.25
315 314 53.25
316 317 65.83
317 316 65.83
318 319 3.2
319 318 3.2
319 320 16.09
320 319 16.09
321 322 2.63
322 321 2.63
322 323 7.68
323 322 7.68
323 324 8.65
324 323 8.65
324 325 7.42
325 324 7.42
326 327 99.97
327 326 99.97
328 329 109.39
329 328 109.39
330 331 50.91
331 330 50.91
332 333 79.93
333 332 79.93
334 335 57.08
335 334 57.08
336 337 74.46
337 336 74.46
338 339 143.06
339 338 143.06
340 341 34.2
341 340 34.2
342 343 119.21
343 342 119.21
344 345 70.02
345 344 70.02
345 346 68.2
346 345 68.2
347 348 177.61
348 347 177.61
111 347 51.72
347 111 51.72
349 350 110.35
350 349 110.35
351 352 29.27
352 351 29.27
353 354 107.22
354 353 107.22
355 356 118.02
356 355 118.02
357 358 61.7
358 357 61.7
359 360 27.7
360 359 27.7
361 362 149.86
362 361 149.86
363 364 67.05
364 363 67.05
365 366 39.84
366 365 39.84
269 363 57.97
363 269 57.97
363 367 155.67
367 363 155.67
368 369 166.64
369 368 166.64
370 371 30.79
371 370 30.79
372 373 62.16
373 372 62.16
372 374 34.44
374 372 34.44
372 375 82.27
375 372 82.27
376 377 5.09
377 376 5.09
378 379 44.41
379 378 44.41
380 381 9.56
381 380 9.56
382 383 39.36
383 382 39.36
383 384 6.45
384 383 6.45
384 385 67.7
385 384 67.7
385 386 7.3
386 385 7.3
386 387 58.53
387 386 58.53
388 389 40.17
389 388 40.17
387 390 13.41
390 387 13.41
391 392 6.83
392 391 6.83
393 394 6.79
394 393 6.79
395 396 4.17
396 395 4.17
397 398 183.0
398 397 183.0
399 400 92.01
400 399 92.01
401 402 59.11
402 401 59.11
403 404 47.08
404 403 47.08
404 405 23.17
405 404 23.17
406 407 37.29
407 406 37.29
406 408 5.56
408 406 5.56
409 410 95.98
410 409 95.98
410 411 54.05
411 410 54.05
412 413 12.53
413 412 12.53
413 414 76.65
414 413 76.65
290 415 136.84
415 290 136.84
416 417 46.54
417 416 46.54
64 418 167.58
418 64 167.58
418 419 61.46
419 418 61.46
420 421 61.46
421 420 61.46
422 423 94.22
423 422 94.22
424 425 202.42
425 424 202.42
426 427 140.18
427 426 140.18
428 429 6.5
429 428 6.5
159 430 26.95
430 159 26.95
431 432 9.02
432 431 9.02
433 434 52.38
434 433 52.38
434 435 13.01
435 434 13.01
436 437 76.13
437 436 76.13
201 438 96.3
438 201 96.3
439 440 125.42
440 439 125.42
441 442 4.42
442 441 4.42
443 444 108.14
444 443 108.14
444 445 268.35
445 444 268.35
40 446 1.75
446 40 1.75
447 448 280.42
448 447 280.42
447 449 93.63
449 447 93.63
450 451 40.08
451 450 40.08
452 453 10.1
453 452 10.1
453 454 36.08
454 453 36.08
453 455 19.04
455 453 19.04
453 456 17.69
456 453 17.69
457 458 46.19
458 457 46.19
458 459 9.43
459 458 9.43
461 462 38.69
462 461 38.69
463 464 61.26
464 463 61.26
465 466 139.22
466 465 139.22
467 468 69.04
468 467 69.04
469 470 60.66
470 469 60.66
471 472 220.67
472 471 220.67
473 474 26.53
474 473 26.53
475 476 9.56
476 475 9.56
477 478 34.72
478 477 34.72
479 480 38.94
480 479 38.94
481 482 5.31
482 481 5.31
403 483 36.54
483 403 36.54
484 485 49.18
485 484 49.18
479 486 28.91
486 479 28.91
487 488 20.58
488 487 20.58
487 489 37.66
489 487 37.66
487 490 33.46
490 487 33.46
487 491 65.11
491 487 65.11
492 493 137.86
493 492 137.86
494 495 158.75
495 494 158.75
496 497 23.48
497 496 23.48
498 499 10.09
499 498 10.09
499 500 41.93
500 499 41.93
501 502 2.37
502 501 2.37
502 503 12.76
503 502 12.76
504 505 58.89
505 504 58.89
488 506 8.42
506 488 8.42
507 508 22.88
508 507 22.88
509 510 101.69
510 509 101.69
511 512 66.98
512 511 66.98
513 514 118.94
514 513 118.94
515 516 39.77
516 515 39.77
515 517 89.49
517 515 89.49
518 519 10.02
519 518 10.02
518 520 10.43
520 518 10.43
521 522 110.35
522 521 110.35
523 524 183.88
524 523 183.88
525 526 24.91
526 525 24.91
527 528 59.43
528 527 59.43
388 529 5.45
529 388 5.45
530 531 41.43
531 530 41.43
532 533 275.9
533 532 275.9
532 534 201.2
534 532 201.2
535 536 53.42
536 535 53.42
535 537 15.14
537 535 15.14
408 538 15.71
538 408 15.71
539 540 183.46
540 539 183.46
541 542 86.37
542 541 86.37
543 544 26.69
544 543 26.69
544 545 39.09
545 544 39.09
546 547 87.91
547 546 87.91
548 549 65.13
549 548 65.13
550 551 97.24
551 550 97.24
3 552 5.25
552 3 5.25
553 554 20.72
554 553 20.72
555 556 73.73
556 555 73.73
536 557 7.43
557 536 7.43
554 558 10.73
558 554 10.73
559 560 33.04
560 559 33.04
561 562 12.92
562 561 12.92
562 563 20.98
563 562 20.98
564 565 79.47
565 564 79.47
446 564 76.83
564 446 76.83
566 567 53.16
567 566 53.16
568 569 39.65
569 568 39.65
570 571 102.46
571 570 102.46
41 572 72.95
572 41 72.95
573 574 35.13
574 573 35.13
575 576 4.34
576 575 4.34
577 578 4.84
578 577 4.84
579 580 40.12
580 579 40.12
581 582 83.32
582 581 83.32
583 584 71.63
584 583 71.63
585 586 95.08
586 585 95.08
587 588 16.7
588 587 16.7
589 590 71.3
590 589 71.3
591 592 66.35
592 591 66.35
503 593 75.06
593 503 75.06
594 595 10.92
595 594 10.92
595 596 29.17
596 595 29.17
597 598 4.53
598 597 4.53
596 597 22.77
597 596 22.77
599 600 15.42
600 599 15.42
601 602 107.41
602 601 107.41
603 604 34.71
604 603 34.71
605 606 34.51
606 605 34.51
605 607 23.11
607 605 23.11
608 609 98.47
609 608 98.47
603 610 89.49
610 603 89.49
611 612 28.91
612 611 28.91
612 613 86.3
613 612 86.3
614 615 12.41
615 614 12.41
615 616 52.95
616 615 52.95
606 617 8.06
617 606 8.06
617 618 39.16
618 617 39.16
619 620 4.85
620 619 4.85
619 621 3.75
621 619 3.75
622 623 39.39
623 622 39.39
624 625 8.55
625 624 8.55
181 624 63.1
624 181 63.1
626 627 14.62
627 626 14.62
626 628 30.83
628 626 30.83
618 629 38.64
629 618 38.64
629 630 28.59
630 629 28.59
621 631 35.67
631 621 35.67
632 633 12.89
633 632 12.89
634 635 96.75
635 634 96.75
636 637 88.79
637 636 88.79
407 498 85.58
498 407 85.58
638 639 40.27
639 638 40.27
640 641 24.97
641 640 24.97
640 642 54.47
642 640 54.47
640 643 25.99
643 640 25.99
641 642 35.72
642 641 35.72
642 644 23.69
644 642 23.69
641 645 43.38
645 641 43.38
646 647 3.32
647 646 3.32
647 648 38.5
648 647 38.5
649 650 9.19
650 649 9.19
646 651 38.7
651 646 38.7
646 650 21.35
650 646 21.35
652 653 12.33
653 652 12.33
654 655 22.82
655 654 22.82
656 657 34.31
657 656 34.31
658 659 77.22
659 658 77.22
660 661 15.85
661 660 15.85
662 663 6.83
663 662 6.83
643 664 54.42
664 643 54.42
665 666 47.31
666 665 47.31
667 668 64.37
668 667 64.37
611 643 27.64
643 611 27.64
669 670 21.02
670 669 21.02
671 672 13.04
672 671 13.04
673 674 12.0
674 673 12.0
675 676 32.83
676 675 32.83
677 678 105.64
678 677 105.64
679 680 143.87
680 679 143.87
681 682 24.26
682 681 24.26
681 683 53.12
683 681 53.12
684 685 75.01
685 684 75.01
686 687 17.33
687 686 17.33
687 688 16.52
688 687 16.52
687 689 206.63
689 687 206.63
690 691 140.37
691 690 140.37
692 693 73.04
693 692 73.04
694 695 17.99
695 694 17.99
696 697 44.44
697 696 44.44
698 699 11.33
699 698 11.33
700 701 56.24
701 700 56.24
702 703 7.71
703 702 7.71
703 704 48.77
704 703 48.77
705 706 37.18
706 705 37.18
707 708 64.17
708 707 64.17
708 709 84.33
709 708 84.33
686 710 14.85
710 686 14.85
686 688 14.78
688 686 14.78
686 711 10.83
711 686 10.83
712 713 93.88
713 712 93.88
714 715 29.89
715 714 29.89
716 717 86.99
717 716 86.99
718 719 17.73
719 718 17.73
720 721 21.22
721 720 21.22
722 723 152.07
723 722 152.07
724 725 16.25
725 724 16.25
726 727 221.71
727 726 221.71
726 728 396.08
728 726 396.08
729 730 3.25
730 729 3.25
731 732 18.58
732 731 18.58
733 734 14.48
734 733 14.48
735 736 0.26
736 735 0.26
737 738 20.37
738 737 20.37
739 740 10.73
740 739 10.73
741 742 53.43
742 741 53.43
741 743 9.91
743 741 9.91
743 744 69.63
744 743 69.63
743 745 3.22
745 743 3.22
746 747 6.45
747 746 6.45
746 748 25.61
748 746 25.61
746 749 21.18
749 746 21.18
750 751 98.02
751 750 98.02
751 752 28.95
752 751 28.95
751 753 32.8
753 751 32.8
97 754 47.82
754 97 47.82
755 756 16.07
756 755 16.07
756 757 6.34
757 756 6.34
756 758 38.1
758 756 38.1
759 760 53.91
760 759 53.91
758 759 12.91
759 758 12.91
757 759 15.81
759 757 15.81
761 762 38.78
762 761 38.78
761 763 62.82
763 761 62.82
764 765 41.91
765 764 41.91
209 766 25.65
766 209 25.65
767 768 15.39
768 767 15.39
768 769 21.15
769 768 21.15
768 770 100.08
770 768 100.08
771 772 114.75
772 771 114.75
456 772 47.2
772 456 47.2
591 773 72.59
773 591 72.59
503 773 19.38
773 503 19.38
774 775 132.5
775 774 132.5
776 777 198.49
777 776 198.49
540 778 78.73
778 540 78.73
779 780 113.64
780 779 113.64
781 782 44.29
782 781 44.29
783 784 69.26
784 783 69.26
785 786 25.15
786 785 25.15
505 785 12.46
785 505 12.46
460 785 9.24
785 460 9.24
460 787 10.01
787 460 10.01
787 788 24.72
788 787 24.72
505 787 6.21
787 505 6.21
789 790 16.69
790 789 16.69
790 791 7.95
791 790 7.95
790 792 7.84
792 790 7.84
792 793 14.53
793 792 14.53
792 794 16.7
794 792 16.7
795 796 93.58
796 795 93.58
797 798 51.31
798 797 51.31
799 800 41.58
800 799 41.58
800 801 70.35
801 800 70.35
802 803 117.8
803 802 117.8
804 805 42.3
805 804 42.3
805 806 14.95
806 805 14.95
758 807 59.96
807 758 59.96
757 808 30.45
808 757 30.45
809 810 119.99
810 809 119.99
809 811 15.94
811 809 15.94
812 813 28.85
813 812 28.85
813 814 288.62
814 813 288.62
813 815 27.51
815 813 27.51
816 817 112.39
817 816 112.39
818 819 55.9
819 818 55.9
820 821 53.34
821 820 53.34
822 823 21.59
823 822 21.59
824 825 85.68
825 824 85.68
825 826 10.12
826 825 10.12
827 828 99.23
828 827 99.23
694 829 129.55
829 694 129.55
830 831 83.31
831 830 83.31
832 833 52.01
833 832 52.01
834 835 13.87
835 834 13.87
835 836 74.39
836 835 74.39
837 838 72.59
838 837 72.59
839 840 105.12
840 839 105.12
841 842 43.81
842 841 43.81
843 844 37.19
844 843 37.19
845 846 214.49
846 845 214.49
847 848 20.67
848 847 20.67
609 848 3.29
848 609 3.29
849 850 110.57
850 849 110.57
851 852 29.02
852 851 29.02
853 854 47.29
854 853 47.29
853 855 6.53
855 853 6.53
853 856 71.78
856 853 71.78
853 857 45.71
857 853 45.71
856 858 50.77
858 856 50.77
856 859 57.86
859 856 57.86
856 860 72.1
860 856 72.1
854 858 67.88
858 854 67.88
858 861 78.0
861 858 78.0
854 862 52.37
862 854 52.37
854 863 56.72
863 854 56.72
857 862 51.44
862 857 51.44
862 864 19.8
864 862 19.8
857 865 21.06
865 857 21.06
855 865 47.55
865 855 47.55
804 865 39.77
865 804 39.77
866 867 58.35
867 866 58.35
207 867 73.0
867 207 73.0
868 869 88.25
869 868 88.25
870 871 21.51
871 870 21.51
871 872 38.67
872 871 38.67
869 873 25.55
873 869 25.55
869 874 83.5
874 869 83.5
873 875 46.17
875 873 46.17
767 873 173.19
873 767 173.19
839 875 14.31
875 839 14.31
769 875 192.12
875 769 192.12
839 876 42.41
876 839 42.41
876 877 216.16
877 876 216.16
878 879 45.5
879 878 45.5
880 881 50.88
881 880 50.88
769 877 54.47
877 769 54.47
767 882 46.05
882 767 46.05
882 883 39.72
883 882 39.72
882 884 119.36
884 882 119.36
883 885 110.45
885 883 110.45
883 886 72.83
886 883 72.83
886 887 44.01
887 886 44.01
884 887 31.43
887 884 31.43
871 887 136.82
887 871 136.82
871 888 35.46
888 871 35.46
889 890 4.82
890 889 4.82
770 890 24.92
890 770 24.92
889 891 71.7
891 889 71.7
889 892 122.38
892 889 122.38
892 893 9.57
893 892 9.57
892 894 76.61
894 892 76.61
892 895 54.6
895 892 54.6
896 897 46.66
897 896 46.66
898 899 8.73
899 898 8.73
900 901 94.82
901 900 94.82
902 903 12.16
903 902 12.16
904 905 12.31
905 904 12.31
904 906 36.56
906 904 36.56
907 908 81.87
908 907 81.87
909 910 55.02
910 909 55.02
911 912 158.46
912 911 158.46
911 913 54.86
913 911 54.86
914 915 127.27
915 914 127.27
916 917 176.81
917 916 176.81
918 919 55.73
919 918 55.73
920 921 18.46
921 920 18.46
921 922 129.82
922 921 129.82
923 924 69.05
924 923 69.05
923 925 80.03
925 923 80.03
926 927 3.97
927 926 3.97
928 929 68.5
929 928 68.5
930 931 99.83
931 930 99.83
932 933 129.88
933 932 129.88
934 935 107.32
935 934 107.32
936 937 355.22
937 936 355.22
189 938 21.35
938 189 21.35
939 940 121.46
940 939 121.46
941 942 29.53
942 941 29.53
943 944 188.28
944 943 188.28
943 945 144.14
945 943 144.14
946 947 15.14
947 946 15.14
946 948 9.82
948 946 9.82
949 950 149.33
950 949 149.33
951 952 220.51
952 951 220.51
953 954 128.41
954 953 128.41
955 956 38.23
956 955 38.23
927 957 4.13
957 927 4.13
958 959 8.92
959 958 8.92
958 960 5.59
960 958 5.59
961 962 61.69
962 961 61.69
962 963 61.65
963 962 61.65
964 965 24.53
965 964 24.53
966 967 32.29
967 966 32.29
968 969 5.33
969 968 5.33
970 971 60.95
971 970 60.95
972 973 17.15
973 972 17.15
973 974 58.47
974 973 58.47
975 976 71.99
976 975 71.99
977 978 58.9
978 977 58.9
979 980 177.39
980 979 177.39
631 981 23.18
981 631 23.18
607 981 20.88
981 607 20.88
982 983 12.54
983 982 12.54
983 984 12.57
984 983 12.57
983 985 165.03
985 983 165.03
986 987 140.57
987 986 140.57
984 987 101.79
987 984 101.79
988 989 49.44
989 988 49.44
988 990 167.72
990 988 167.72
988 991 57.75
991 988 57.75
992 993 5.63
993 992 5.63
994 995 18.73
995 994 18.73
996 997 70.71
997 996 70.71
998 999 11.36
999 998 11.36
996 1000 63.69
1000 996 63.69
1001 1002 8.77
1002 1001 8.77
1001 1003 5.81
1003 1001 5.81
1003 1004 8.25
1004 1003 8.25
1005 1006 15.3
1006 1005 15.3
1006 1007 123.62
1007 1006 123.62
1008 1009 34.64
1009 1008 34.64
1010 1011 40.32
1011 1010 40.32
1012 1013 61.62
1013 1012 61.62
940 1014 86.96
1014 940 86.96
172 1015 148.02
1015 172 148.02
891 1016 103.17
1016 891 103.17
1017 1018 175.86
1018 1017 175.86
1019 1020 50.55
1020 1019 50.55
1021 1022 26.06
1022 1021 26.06
1023 1024 75.7
1024 1023 75.7
1025 1026 72.56
1026 1025 72.56
1027 1028 55.53
1028 1027 55.53
1029 1030 49.66
1030 1029 49.66
37 1029 61.59
1029 37 61.59
35 1031 72.06
1031 35 72.06
1030 1032 53.04
1032 1030 53.04
1032 1033 11.02
1033 1032 11.02
35 1032 15.61
1032 35 15.61
32 1034 28.08
1034 32 28.08
1033 1034 7.27
1034 1033 7.27
1035 1036 82.36
1036 1035 82.36
1037 1038 132.52
1038 1037 132.52
1037 1039 101.47
1039 1037 101.47
1040 1041 20.61
1041 1040 20.61
1042 1043 46.33
1043 1042 46.33
1044 1045 204.42
1045 1044 204.42
1044 1046 303.86
1046 1044 303.86
1047 1048 33.94
1048 1047 33.94
1049 1050 14.72
1050 1049 14.72
745 1051 67.18
1051 745 67.18
1051 1052 22.73
1052 1051 22.73
1053 1054 6.42
1054 1053 6.42
1054 1055 14.56
1055 1054 14.56
1052 1056 20.81
1056 1052 20.81
1052 1053 32.34
1053 1052 32.34
721 1056 31.26
1056 721 31.26
1057 1058 55.31
1058 1057 55.31
1057 1059 38.37
1059 1057 38.37
1060 1061 0.05
1061 1060 0.05
1062 1063 5.57
1063 1062 5.57
1064 1065 31.85
1065 1064 31.85
1066 1067 75.02
1067 1066 75.02
1068 1069 19.9
1069 1068 19.9
1070 1071 148.95
1071 1070 148.95
1072 1073 41.82
1073 1072 41.82
1074 1075 105.59
1075 1074 105.59
1074 1076 99.07
1076 1074 99.07
1077 1078 43.88
1078 1077 43.88
1079 1080 134.76
1080 1079 134.76
1080 1081 10.01
1081 1080 10.01
1082 1083 73.83
1083 1082 73.83
1084 1085 13.98
1085 1084 13.98
1086 1087 6.13
1087 1086 6.13
1088 1089 4.56
1089 1088 4.56
1090 1091 5.62
1091 1090 5.62
1092 1093 6.17
1093 1092 6.17
1094 1095 4.05
1095 1094 4.05
1096 1097 4.0
1097 1096 4.0
1098 1099 10.73
1099 1098 10.73
1100 1101 4.28
1101 1100 4.28
1102 1103 10.84
1103 1102 10.84
1104 1105 8.03
1105 1104 8.03
1106 1107 4.79
1107 1106 4.79
1108 1109 4.6
1109 1108 4.6
1110 1111 30.66
1111 1110 30.66
1112 1113 62.69
1113 1112 62.69
1113 1114 37.29
1114 1113 37.29
351 1115 37.91
1115 351 37.91
1116 1117 53.05
1117 1116 53.05
1116 1118 82.14
1118 1116 82.14
1119 1120 211.52
1120 1119 211.52
1120 1121 7.52
1121 1120 7.52
1122 1123 38.67
1123 1122 38.67
1123 1124 94.47
1124 1123 94.47
1125 1126 21.56
1126 1125 21.56
1125 1127 30.21
1127 1125 30.21
1128 1129 12.32
1129 1128 12.32
1129 1130 10.4
1130 1129 10.4
1131 1132 5.58
1132 1131 5.58
1132 1133 3.12
1133 1132 3.12
1132 1134 20.3
1134 1132 20.3
1135 1136 7.67
1136 1135 7.67
1137 1138 75.19
1138 1137 75.19
1139 1140 150.42
1140 1139 150.42
1141 1142 122.27
1142 1141 122.27
1143 1144 1.03
1144 1143 1.03
1145 1146 56.22
1146 1145 56.22
1146 1147 51.82
1147 1146 51.82
1147 1148 39.82
1148 1147 39.82
1147 1149 171.02
1149 1147 171.02
961 1150 4.19
1150 961 4.19
961 1151 80.27
1151 961 80.27
963 1150 4.37
1150 963 4.37
1150 1152 71.55
1152 1150 71.55
1150 1153 57.06
1153 1150 57.06
963 1151 80.18
1151 963 80.18
1154 1155 164.87
1155 1154 164.87
1156 1157 165.27
1157 1156 165.27
1158 1159 70.08
1159 1158 70.08
1160 1161 75.27
1161 1160 75.27
1012 1161 39.53
1161 1012 39.53
1162 1163 48.88
1163 1162 48.88
17 1012 8.67
1012 17 8.67
1164 1165 47.18
1165 1164 47.18
797 1166 13.88
1166 797 13.88
1167 1168 202.82
1168 1167 202.82
1169 1170 19.89
1170 1169 19.89
1171 1172 79.65
1172 1171 79.65
1173 1174 16.12
1174 1173 16.12
1175 1176 58.03
1176 1175 58.03
651 1177 71.19
1177 651 71.19
1177 1178 46.19
1178 1177 46.19
648 1178 26.05
1178 648 26.05
806 1179 35.92
1179 806 35.92
806 1180 158.56
1180 806 158.56
1181 1182 5.28
1182 1181 5.28
1183 1184 58.42
1184 1183 58.42
1184 1185 67.96
1185 1184 67.96
1184 1186 72.14
1186 1184 72.14
1187 1188 7.9
1188 1187 7.9
1189 1190 56.51
1190 1189 56.51
1191 1192 62.66
1192 1191 62.66
1192 1193 129.13
1193 1192 129.13
1194 1195 129.46
1195 1194 129.46
1196 1197 70.99
1197 1196 70.99
1196 1198 43.94
1198 1196 43.94
1196 1199 56.79
1199 1196 56.79
1197 1200 22.62
1200 1197 22.62
1197 1201 2.4
1201 1197 2.4
1202 1203 223.07
1203 1202 223.07
1204 1205 45.07
1205 1204 45.07
1205 1206 290.9
1206 1205 290.9
1207 1208 75.44
1208 1207 75.44
1209 1210 18.97
1210 1209 18.97
1211 1212 193.57
1212 1211 193.57
1213 1214 7.46
1214 1213 7.46
1215 1216 17.62
1216 1215 17.62
1216 1217 100.24
1217 1216 100.24
1216 1218 19.37
1218 1216 19.37
1219 1220 9.09
1220 1219 9.09
1221 1222 14.08
1222 1221 14.08
1223 1224 14.12
1224 1223 14.12
1224 1225 42.9
1225 1224 42.9
1225 1226 34.8
1226 1225 34.8
1227 1228 9.63
1228 1227 9.63
1007 1228 4.53
1228 1007 4.53
916 1229 24.4
1229 916 24.4
1230 1231 115.86
1231 1230 115.86
1232 1233 105.23
1233 1232 105.23
1234 1235 52.13
1235 1234 52.13
1236 1237 62.95
1237 1236 62.95
1238 1239 88.48
1239 1238 88.48
1240 1241 30.26
1241 1240 30.26
1242 1243 40.84
1243 1242 40.84
656 1244 9.97
1244 656 9.97
1245 1246 15.95
1246 1245 15.95
1117 1247 33.84
1247 1117 33.84
1247 1248 69.08
1248 1247 69.08
1249 1250 149.34
1250 1249 149.34
1251 1252 70.2
1252 1251 70.2
1253 1254 8.78
1254 1253 8.78
1255 1256 57.53
1256 1255 57.53
1257 1258 183.69
1258 1257 183.69
1259 1260 122.08
1260 1259 122.08
1248 1261 67.71
1261 1248 67.71
1262 1263 21.56
1263 1262 21.56
1264 1265 70.75
1265 1264 70.75
1265 1266 53.87
1266 1265 53.87
1267 1268 194.99
1268 1267 194.99
1269 1270 91.83
1270 1269 91.83
1261 1271 17.41
1271 1261 17.41
1126 1272 14.41
1272 1126 14.41
1272 1273 21.53
1273 1272 21.53
648 651 3.23
651 648 3.23
1274 1275 35.21
1275 1274 35.21
1276 1277 139.94
1277 1276 139.94
1278 1279 95.74
1279 1278 95.74
1280 1281 44.27
1281 1280 44.27
1280 1282 42.12
1282 1280 42.12
1280 1283 42.06
1283 1280 42.06
1284 1285 45.17
1285 1284 45.17
1284 1286 46.84
1286 1284 46.84
1283 1284 36.56
1284 1283 36.56
1287 1288 37.29
1288 1287 37.29
674 1014 68.65
1014 674 68.65
1289 1290 35.93
1290 1289 35.93
1290 1291 142.51
1291 1290 142.51
1289 1292 60.62
1292 1289 60.62
1293 1294 12.86
1294 1293 12.86
1295 1296 33.48
1296 1295 33.48
231 1297 11.81
1297 231 11.81
529 1298 51.41
1298 529 51.41
1299 1300 1.45
1300 1299 1.45
897 1301 51.16
1301 897 51.16
1302 1303 328.83
1303 1302 328.83
667 1304 30.58
1304 667 30.58
1305 1306 75.21
1306 1305 75.21
1307 1308 44.48
1308 1307 44.48
1309 1310 58.28
1310 1309 58.28
1311 1312 254.49
1312 1311 254.49
1312 1313 41.55
1313 1312 41.55
1313 1314 198.27
1314 1313 198.27
1314 1315 52.09
1315 1314 52.09
1315 1316 130.45
1316 1315 130.45
1317 1318 38.12
1318 1317 38.12
969 1319 20.65
1319 969 20.65
672 1320 31.46
1320 672 31.46
1316 1321 24.65
1321 1316 24.65
1321 1322 37.16
1322 1321 37.16
1322 1323 2.67
1323 1322 2.67
1323 1324 37.67
1324 1323 37.67
1324 1325 42.77
1325 1324 42.77
1325 1326 10.85
1326 1325 10.85
1326 1327 122.66
1327 1326 122.66
1327 1328 156.18
1328 1327 156.18
1328 1329 72.2
1329 1328 72.2
1328 1330 70.82
1330 1328 70.82
1331 1332 191.74
1332 1331 191.74
1333 1334 0.62
1334 1333 0.62
1335 1336 39.74
1336 1335 39.74
1335 1337 24.2
1337 1335 24.2
1338 1339 65.26
1339 1338 65.26
1338 1340 91.05
1340 1338 91.05
1341 1342 171.04
1342 1341 171.04
558 1343 174.42
1343 558 174.42
1344 1345 117.43
1345 1344 117.43
1309 1338 61.84
1338 1309 61.84
1346 1347 38.78
1347 1346 38.78
1348 1349 108.7
1349 1348 108.7
1350 1351 166.68
1351 1350 166.68
1352 1353 5.69
1353 1352 5.69
1354 1355 266.07
1355 1354 266.07
1356 1357 56.87
1357 1356 56.87
1358 1359 187.64
1359 1358 187.64
1360 1361 89.51
1361 1360 89.51
1114 1362 44.5
1362 1114 44.5
1363 1364 31.52
1364 1363 31.52
1365 1366 15.79
1366 1365 15.79
1365 1367 28.86
1367 1365 28.86
1365 1368 34.1
1368 1365 34.1
1367 1369 39.65
1369 1367 39.65
1367 1370 30.76
1370 1367 30.76
1367 1371 33.36
1371 1367 33.36
1368 1372 9.31
1372 1368 9.31
1366 1368 19.07
1368 1366 19.07
1368 1373 6.16
1373 1368 6.16
1369 1374 62.5
1374 1369 62.5
1370 1375 8.8
1375 1370 8.8
1369 1376 7.44
1376 1369 7.44
1366 1377 7.33
1377 1366 7.33
1378 1379 11.28
1379 1378 11.28
1379 1380 126.23
1380 1379 126.23
786 1381 16.67
1381 786 16.67
786 1382 61.37
1382 786 61.37
1383 1384 131.64
1384 1383 131.64
977 1385 20.05
1385 977 20.05
976 1385 5.76
1385 976 5.76
1386 1387 43.59
1387 1386 43.59
1388 1389 55.38
1389 1388 55.38
1390 1391 79.36
1391 1390 79.36
1392 1393 58.29
1393 1392 58.29
1069 1393 47.83
1393 1069 47.83
1393 1394 74.26
1394 1393 74.26
1395 1396 3.63
1396 1395 3.63
1395 1397 6.2
1397 1395 6.2
1398 1399 13.86
1399 1398 13.86
986 1399 25.28
1399 986 25.28
1400 1401 397.05
1401 1400 397.05
1392 1402 63.59
1402 1392 63.59
1403 1404 7.76
1404 1403 7.76
1403 1405 19.34
1405 1403 19.34
1404 1406 27.34
1406 1404 27.34
1397 1407 6.0
1407 1397 6.0
1408 1409 4.31
1409 1408 4.31
1410 1411 42.16
1411 1410 42.16
1412 1413 82.12
1413 1412 82.12
1413 1414 20.79
1414 1413 20.79
1414 1415 54.26
1415 1414 54.26
1416 1417 27.62
1417 1416 27.62
922 1418 31.47
1418 922 31.47
922 1419 26.42
1419 922 26.42
392 1420 7.38
1420 392 7.38
392 1421 75.38
1421 392 75.38
392 394 76.43
394 392 76.43
392 1422 72.12
1422 392 72.12
394 1423 5.59
1423 394 5.59
394 1424 58.79
1424 394 58.79
394 1425 70.73
1425 394 70.73
1424 1426 7.03
1426 1424 7.03
1424 1427 6.03
1427 1424 6.03
1424 1428 66.04
1428 1424 66.04
1424 1429 21.08
1429 1424 21.08
1421 1428 48.39
1428 1421 48.39
1421 1430 36.72
1430 1421 36.72
1421 1431 71.04
1431 1421 71.04
1428 1432 5.7
1432 1428 5.7
1428 1433 5.46
1433 1428 5.46
1428 1434 72.17
1434 1428 72.17
1435 1436 9.68
1436 1435 9.68
1437 1438 6.8
1438 1437 6.8
1439 1440 5.73
1440 1439 5.73
1441 1442 6.14
1442 1441 6.14
1443 1444 4.91
1444 1443 4.91
1445 1446 5.38
1446 1445 5.38
1447 1448 6.44
1448 1447 6.44
1152 1449 23.23
1449 1152 23.23
1449 1450 146.28
1450 1449 146.28
1451 1452 16.69
1452 1451 16.69
421 1453 154.08
1453 421 154.08
1454 1455 55.74
1455 1454 55.74
1456 1457 62.18
1457 1456 62.18
421 1458 69.93
1458 421 69.93
1459 1460 52.97
1460 1459 52.97
1461 1462 5.86
1462 1461 5.86
1463 1464 8.86
1464 1463 8.86
1465 1466 8.69
1466 1465 8.69
1467 1468 8.0
1468 1467 8.0
1467 1469 7.92
1469 1467 7.92
1470 1471 131.68
1471 1470 131.68
1472 1473 104.79
1473 1472 104.79
1474 1475 65.04
1475 1474 65.04
1475 1476 62.66
1476 1475 62.66
793 1477 16.67
1477 793 16.67
1478 1479 1.73
1479 1478 1.73
428 1480 19.21
1480 428 19.21
1481 1482 88.04
1482 1481 88.04
1483 1484 16.18
1484 1483 16.18
1485 1486 168.26
1486 1485 168.26
1487 1488 70.12
1488 1487 70.12
1489 1490 79.08
1490 1489 79.08
1202 1489 89.13
1489 1202 89.13
1490 1491 204.17
1491 1490 204.17
1492 1493 45.63
1493 1492 45.63
1492 1494 28.41
1494 1492 28.41
1496 1497 58.9
1497 1496 58.9
1498 1499 120.99
1499 1498 120.99
1500 1501 75.69
1501 1500 75.69
1500 1502 124.5
1502 1500 124.5
1503 1504 92.73
1504 1503 92.73
1505 1506 54.53
1506 1505 54.53
1507 1508 29.09
1508 1507 29.09
1509 1510 78.31
1510 1509 78.31
1511 1512 59.59
1512 1511 59.59
1513 1514 26.62
1514 1513 26.62
1515 1516 49.96
1516 1515 49.96
1517 1518 121.21
1518 1517 121.21
1519 1520 30.47
1520 1519 30.47
1521 1522 77.35
1522 1521 77.35
556 1523 25.34
1523 556 25.34
1524 1525 12.71
1525 1524 12.71
264 1524 15.48
1524 264 15.48
1525 1526 73.02
1526 1525 73.02
1527 1528 3.14
1528 1527 3.14
1528 1529 18.12
1529 1528 18.12
1530 1531 6.32
1531 1530 6.32
1532 1533 30.98
1533 1532 30.98
1533 1534 21.74
1534 1533 21.74
1535 1536 29.78
1536 1535 29.78
1537 1538 103.05
1538 1537 103.05
1539 1540 62.56
1540 1539 62.56
1541 1542 102.01
1542 1541 102.01
1543 1544 7.04
1544 1543 7.04
1543 1545 17.43
1545 1543 17.43
1546 1547 7.67
1547 1546 7.67
1548 1549 10.56
1549 1548 10.56
1549 1550 22.58
1550 1549 22.58
1551 1552 25.66
1552 1551 25.66
1548 1551 11.96
1551 1548 11.96
1553 1554 143.08
1554 1553 143.08
1555 1556 138.64
1556 1555 138.64
1557 1558 39.28
1558 1557 39.28
1559 1560 37.4
1560 1559 37.4
1226 1561 61.37
1561 1226 61.37
1562 1563 145.9
1563 1562 145.9
1563 1564 30.58
1564 1563 30.58
1148 1565 136.73
1565 1148 136.73
1566 1567 125.46
1567 1566 125.46
1566 1568 101.84
1568 1566 101.84
707 1569 13.79
1569 707 13.79
707 1570 147.9
1570 707 147.9
1262 1571 88.3
1571 1262 88.3
1572 1573 43.79
1573 1572 43.79
1573 1574 47.58
1574 1573 47.58
1575 1576 16.82
1576 1575 16.82
1577 1578 98.48
1578 1577 98.48
1579 1580 160.63
1580 1579 160.63
1580 1581 12.58
1581 1580 12.58
1582 1583 83.61
1583 1582 83.61
1301 1584 27.93
1584 1301 27.93
1584 1585 22.96
1585 1584 22.96
1049 1586 22.72
1586 1049 22.72
1587 1588 200.61
1588 1587 200.61
1589 1590 84.11
1590 1589 84.11
1591 1592 108.59
1592 1591 108.59
1593 1594 94.88
1594 1593 94.88
1595 1596 68.0
1596 1595 68.0
1262 1597 67.02
1597 1262 67.02
1583 1598 78.41
1598 1583 78.41
1599 1600 272.82
1600 1599 272.82
1601 1602 182.7
1602 1601 182.7
1603 1604 182.84
1604 1603 182.84
1605 1606 198.31
1606 1605 198.31
1607 1608 128.63
1608 1607 128.63
1609 1610 13.88
1610 1609 13.88
1451 1611 162.9
1611 1451 162.9
1612 1613 10.54
1613 1612 10.54
1613 1614 33.4
1614 1613 33.4
1615 1616 71.27
1616 1615 71.27
822 1617 251.53
1617 822 251.53
1618 1619 87.52
1619 1618 87.52
1619 1620 214.9
1620 1619 214.9
822 1621 201.59
1621 822 201.59
1622 1623 28.96
1623 1622 28.96
1624 1625 50.13
1625 1624 50.13
1626 1627 45.71
1627 1626 45.71
1625 1627 48.82
1627 1625 48.82
996 1625 61.1
1625 996 61.1
1628 1629 11.41
1629 1628 11.41
1630 1631 12.25
1631 1630 12.25
1632 1633 9.31
1633 1632 9.31
1634 1635 6.56
1635 1634 6.56
239 1634 67.23
1634 239 67.23
1635 1636 31.22
1636 1635 31.22
1381 1637 126.97
1637 1381 126.97
877 891 140.9
891 877 140.9
877 1638 95.52
1638 877 95.52
891 1639 122.22
1639 891 122.22
1639 1640 29.06
1640 1639 29.06
1639 1641 23.65
1641 1639 23.65
1273 1642 38.85
1642 1273 38.85
1642 1643 25.81
1643 1642 25.81
1644 1645 71.65
1645 1644 71.65
1646 1647 69.23
1647 1646 69.23
409 1648 49.03
1648 409 49.03
1649 1650 74.93
1650 1649 74.93
1650 1651 73.03
1651 1650 73.03
1650 1652 28.28
1652 1650 28.28
1653 1654 49.24
1654 1653 49.24
1655 1656 59.92
1656 1655 59.92
281 1656 40.59
1656 281 40.59
271 281 6.06
281 271 6.06
1657 1658 12.63
1658 1657 12.63
1659 1660 8.21
1660 1659 8.21
1661 1662 223.04
1662 1661 223.04
414 1663 28.82
1663 414 28.82
414 1664 22.64
1664 414 22.64
1665 1666 29.71
1666 1665 29.71
1665 1667 24.48
1667 1665 24.48
1668 1669 28.66
1669 1668 28.66
1186 1476 70.4
1476 1186 70.4
1186 1670 56.41
1670 1186 56.41
1186 1671 65.99
1671 1186 65.99
1672 1673 227.37
1673 1672 227.37
1674 1675 132.97
1675 1674 132.97
902 1676 42.5
1676 902 42.5
1677 1678 67.88
1678 1677 67.88
616 1679 15.76
1679 616 15.76
616 1680 54.9
1680 616 54.9
1681 1682 75.21
1682 1681 75.21
1683 1684 71.4
1684 1683 71.4
1685 1686 86.46
1686 1685 86.46
1687 1688 57.26
1688 1687 57.26
1689 1690 4.12
1690 1689 4.12
1690 1691 40.88
1691 1690 40.88
1692 1693 51.56
1693 1692 51.56
461 1688 46.16
1688 461 46.16
1683 1694 50.8
1694 1683 50.8
1695 1696 125.16
1696 1695 125.16
1697 1698 72.58
1698 1697 72.58
688 1699 10.95
1699 688 10.95
688 1700 21.9
1700 688 21.9
1701 1702 10.08
1702 1701 10.08
307 1701 58.83
1701 307 58.83
264 1703 43.41
1703 264 43.41
1704 1705 56.19
1705 1704 56.19
1706 1707 77.89
1707 1706 77.89
1708 1709 59.54
1709 1708 59.54
1710 1711 279.48
1711 1710 279.48
1712 1713 64.35
1713 1712 64.35
1712 1714 33.28
1714 1712 33.28
1714 1715 57.94
1715 1714 57.94
1716 1717 684.16
1717 1716 684.16
1718 1719 236.24
1719 1718 236.24
1419 1720 22.72
1720 1419 22.72
1721 1722 61.51
1722 1721 61.51
1720 1723 19.92
1723 1720 19.92
1418 1724 23.14
1724 1418 23.14
1724 1725 19.94
1725 1724 19.94
1726 1727 54.22
1727 1726 54.22
1727 1728 133.33
1728 1727 133.33
1726 1729 30.11
1729 1726 30.11
1689 1730 5.72
1730 1689 5.72
1731 1732 354.89
1732 1731 354.89
1733 1734 67.3
1734 1733 67.3
1735 1736 42.77
1736 1735 42.77
1737 1738 29.87
1738 1737 29.87
1739 1740 98.93
1740 1739 98.93
1741 1742 263.19
1742 1741 263.19
1743 1744 0.04
1744 1743 0.04
1745 1746 28.74
1746 1745 28.74
1747 1748 75.02
1748 1747 75.02
1749 1750 80.15
1750 1749 80.15
1749 1751 94.19
1751 1749 94.19
1752 1753 68.61
1753 1752 68.61
1753 1754 100.26
1754 1753 100.26
732 1755 18.08
1755 732 18.08
1755 1756 557.85
1756 1755 557.85
1757 1758 49.65
1758 1757 49.65
739 1759 46.64
1759 739 46.64
849 1760 77.16
1760 849 77.16
1761 1762 11.42
1762 1761 11.42
1679 1763 21.45
1763 1679 21.45
1764 1765 51.3
1765 1764 51.3
1766 1767 20.29
1767 1766 20.29
711 1768 12.53
1768 711 12.53
711 1699 14.97
1699 711 14.97
711 1769 10.67
1769 711 10.67
1770 1771 48.44
1771 1770 48.44
1772 1773 57.26
1773 1772 57.26
1774 1775 55.68
1775 1774 55.68
1776 1777 34.21
1777 1776 34.21
1778 1779 68.21
1779 1778 68.21
1780 1781 45.86
1781 1780 45.86
446 1765 114.69
1765 446 114.69
1782 1783 10.48
1783 1782 10.48
1784 1785 27.91
1785 1784 27.91
1276 1786 9.92
1786 1276 9.92
1787 1788 20.17
1788 1787 20.17
1787 1789 63.46
1789 1787 63.46
1276 1788 30.67
1788 1276 30.67
1790 1791 87.78
1791 1790 87.78
1791 1792 12.63
1792 1791 12.63
411 1791 19.49
1791 411 19.49
1793 1794 172.98
1794 1793 172.98
1795 1796 24.79
1796 1795 24.79
1797 1798 153.24
1798 1797 153.24
1799 1800 29.0
1800 1799 29.0
1800 1801 24.96
1801 1800 24.96
1802 1803 49.31
1803 1802 49.31
1804 1805 36.57
1805 1804 36.57
1806 1807 539.23
1807 1806 539.23
1808 1809 96.69
1809 1808 96.69
1810 1811 65.83
1811 1810 65.83
1812 1813 89.23
1813 1812 89.23
1812 1814 59.53
1814 1812 59.53
1815 1816 59.14
1816 1815 59.14
888 895 4.29
895 888 4.29
1817 1818 137.11
1818 1817 137.11
1819 1820 25.9
1820 1819 25.9
1821 1822 252.48
1822 1821 252.48
1823 1824 120.95
1824 1823 120.95
181 1825 35.89
1825 181 35.89
138 1825 14.71
1825 138 14.71
138 250 23.2
250 138 23.2
250 628 22.66
628 250 22.66
250 1826 159.98
1826 250 159.98
1827 1828 75.88
1828 1827 75.88
464 1829 96.91
1829 464 96.91
1830 1831 45.13
1831 1830 45.13
709 1832 65.8
1832 709 65.8
11 1832 59.02
1832 11 59.02
1833 1834 118.72
1834 1833 118.72
1835 1836 10.3
1836 1835 10.3
1837 1838 9.67
1838 1837 9.67
1839 1840 12.11
1840 1839 12.11
1474 1841 54.79
1841 1474 54.79
1474 1487 104.3
1487 1474 104.3
1474 1842 45.49
1842 1474 45.49
1841 1843 102.03
1843 1841 102.03
1841 1844 91.85
1844 1841 91.85
1841 1845 95.75
1845 1841 95.75
1842 1846 87.57
1846 1842 87.57
1846 1847 58.39
1847 1846 58.39
1846 1848 23.21
1848 1846 23.21
1848 1849 39.45
1849 1848 39.45
1693 1849 56.58
1849 1693 56.58
1849 1850 43.46
1850 1849 43.46
1845 1849 42.93
1849 1845 42.93
701 1850 42.51
1850 701 42.51
1850 1851 47.24
1851 1850 47.24
696 701 47.27
701 696 47.27
696 1852 16.81
1852 696 16.81
1845 1852 77.75
1852 1845 77.75
1844 1852 88.09
1852 1844 88.09
622 1853 60.49
1853 622 60.49
1854 1855 54.12
1855 1854 54.12
1856 1857 49.56
1857 1856 49.56
1858 1859 48.06
1859 1858 48.06
1860 1861 52.83
1861 1860 52.83
1790 1860 133.99
1860 1790 133.99
1862 1863 8.33
1863 1862 8.33
1864 1865 13.2
1865 1864 13.2
1866 1867 16.27
1867 1866 16.27
1867 1868 13.21
1868 1867 13.21
1856 1869 69.69
1869 1856 69.69
1870 1871 116.98
1871 1870 116.98
1872 1873 34.76
1873 1872 34.76
1873 1874 47.54
1874 1873 47.54
1873 1875 69.21
1875 1873 69.21
1872 1876 21.56
1876 1872 21.56
611 1877 121.54
1877 611 121.54
1878 1879 98.37
1879 1878 98.37
1865 1880 6.19
1880 1865 6.19
1881 1882 43.87
1882 1881 43.87
1883 1884 0.74
1884 1883 0.74
1504 1885 32.19
1885 1504 32.19
1886 1887 28.11
1887 1886 28.11
1888 1889 91.33
1889 1888 91.33
1890 1891 101.68
1891 1890 101.68
938 1892 5.38
1892 938 5.38
1893 1894 18.17
1894 1893 18.17
1895 1896 171.5
1896 1895 171.5
1897 1898 66.54
1898 1897 66.54
1899 1900 46.15
1900 1899 46.15
1901 1902 54.14
1902 1901 54.14
1903 1904 11.95
1904 1903 11.95
1904 1905 13.09
1905 1904 13.09
1905 1906 4.73
1906 1905 4.73
690 1907 111.34
1907 690 111.34
1908 1909 279.15
1909 1908 279.15
1910 1911 75.13
1911 1910 75.13
1912 1913 57.04
1913 1912 57.04
1830 1914 29.03
1914 1830 29.03
1915 1916 0.01
1916 1915 0.01
1917 1918 0.19
1918 1917 0.19
1919 1920 72.16
1920 1919 72.16
194 198 103.72
198 194 103.72
1921 1922 13.63
1922 1921 13.63
204 1922 96.7
1922 204 96.7
1923 1924 373.38
1924 1923 373.38
1925 1926 93.08
1926 1925 93.08
1927 1928 6.58
1928 1927 6.58
1927 1929 6.89
1929 1927 6.89
1930 1931 59.44
1931 1930 59.44
1347 1932 62.87
1932 1347 62.87
1347 1933 56.26
1933 1347 56.26
1934 1935 49.7
1935 1934 49.7
1936 1937 18.01
1937 1936 18.01
1936 1938 6.76
1938 1936 6.76
1939 1940 246.56
1940 1939 246.56
1941 1942 61.36
1942 1941 61.36
1943 1944 12.18
1944 1943 12.18
1945 1946 116.93
1946 1945 116.93
1947 1948 71.28
1948 1947 71.28
1949 1950 58.11
1950 1949 58.11
1951 1952 68.28
1952 1951 68.28
1953 1954 63.81
1954 1953 63.81
1496 1955 99.46
1955 1496 99.46
1745 1956 32.03
1956 1745 32.03
1937 1957 5.82
1957 1937 5.82
1958 1959 127.14
1959 1958 127.14
1960 1961 86.84
1961 1960 86.84
1962 1963 122.64
1963 1962 122.64
808 1964 27.0
1964 808 27.0
808 1965 16.69
1965 808 16.69
1964 1966 23.89
1966 1964 23.89
1967 1968 14.0
1968 1967 14.0
1969 1970 43.44
1970 1969 43.44
1971 1972 108.28
1972 1971 108.28
342 1973 104.64
1973 342 104.64
1974 1975 12.47
1975 1974 12.47
1976 1977 24.55
1977 1976 24.55
1978 1979 81.09
1979 1978 81.09
1980 1981 61.81
1981 1980 61.81
306 1982 30.01
1982 306 30.01
306 1983 24.42
1983 306 24.42
1984 1985 58.4
1985 1984 58.4
1986 1987 121.71
1987 1986 121.71
1976 1983 56.22
1983 1976 56.22
1976 1988 70.92
1988 1976 70.92
1989 1990 81.29
1990 1989 81.29
1560 1991 108.35
1991 1560 108.35
1560 1992 72.63
1992 1560 72.63
1583 1993 40.81
1993 1583 40.81
546 1994 78.16
1994 546 78.16
1995 1996 189.83
1996 1995 189.83
1997 1998 1.41
1998 1997 1.41
1999 2000 37.37
2000 1999 37.37
2000 2001 77.42
2001 2000 77.42
2002 2003 60.42
2003 2002 60.42
2004 2005 20.85
2005 2004 20.85
2005 2006 13.78
2006 2005 13.78
855 2007 54.45
2007 855 54.45
1680 2008 22.95
2008 1680 22.95
2009 2010 4.25
2010 2009 4.25
2011 2012 53.08
2012 2011 53.08
2013 2014 40.09
2014 2013 40.09
2013 2015 53.13
2015 2013 53.13
2013 2016 84.43
2016 2013 84.43
2017 2018 39.81
2018 2017 39.81
2019 2020 107.78
