1 2 56.83
2 1 56.83
3 4 54.1
4 3 54.1
5 6 67.89
6 5 67.89
7 8 4.63
8 7 4.63
7 9 6.73
9 7 6.73
10 11 41.33
11 10 41.33
11 12 15.79
12 11 15.79
12 13 13.76
13 12 13.76
13 14 16.07
14 13 16.07
14 15 14.8
15 14 14.8
15 16 14.98
16 15 14.98
15 17 63.25
17 15 63.25
16 18 9.71
18 16 9.71
18 19 5.82
19 18 5.82
19 20 4.99
20 19 4.99
20 21 9.72
21 20 9.72
21 22 15.01
22 21 15.01
22 23 14.74
23 22 14.74
22 24 61.97
24 22 61.97
23 25 11.37
25 23 11.37
25 26 4.05
26 25 4.05
26 27 4.03
27 26 4.03
28 29 62.1
29 28 62.1
29 30 15.69
30 29 15.69
30 31 2.09
31 30 2.09
32 33 65.95
33 32 65.95
32 34 23.84
34 32 23.84
35 36 15.76
36 35 15.76
36 37 14.64
37 36 14.64
35 38 16.0
38 35 16.0
38 39 14.18
39 38 14.18
39 40 14.94
40 39 14.94
41 42 7.15
42 41 7.15
40 41 15.85
41 40 15.85
43 44 15.61
44 43 15.61
42 43 7.45
43 42 7.45
45 46 60.62
46 45 60.62
47 48 71.22
48 47 71.22
47 49 15.98
49 47 15.98
44 47 14.02
47 44 14.02
50 51 12.1
51 50 12.1
49 50 62.56
50 49 62.56
51 52 16.7
52 51 16.7
53 54 7.26
54 53 7.26
48 55 19.32
55 48 19.32
55 56 9.47
56 55 9.47
55 57 3.47
57 55 3.47
58 59 89.72
59 58 89.72
59 60 4.04
60 59 4.04
59 61 14.12
61 59 14.12
61 62 64.35
62 61 64.35
63 64 3.14
64 63 3.14
63 65 3.22
65 63 3.22
66 67 15.2
67 66 15.2
67 68 6.45
68 67 6.45
67 69 3.21
69 67 3.21
70 71 14.68
71 70 14.68
71 72 5.31
72 71 5.31
71 73 3.2
73 71 3.2
74 75 2.41
75 74 2.41
74 76 2.46
76 74 2.46
74 77 5.66
77 74 5.66
74 78 14.65
78 74 14.65
79 80 5.85
80 79 5.85
79 81 3.97
81 79 3.97
79 82 10.41
82 79 10.41
79 83 15.14
83 79 15.14
84 85 15.74
85 84 15.74
85 86 14.84
86 85 14.84
85 87 5.81
87 85 5.81
85 88 4.57
88 85 4.57
89 90 102.07
90 89 102.07
91 92 37.84
92 91 37.84
84 92 15.06
92 84 15.06
92 93 7.84
93 92 7.84
92 94 5.1
94 92 5.1
95 96 16.05
96 95 16.05
97 98 3.78
98 97 3.78
98 99 5.24
99 98 5.24
83 98 15.47
98 83 15.47
98 100 33.78
100 98 33.78
101 102 8.37
102 101 8.37
102 103 6.58
103 102 6.58
104 105 4.31
105 104 4.31
105 106 2.77
106 105 2.77
78 105 15.52
105 78 15.52
105 107 25.18
107 105 25.18
37 108 15.45
108 37 15.45
108 109 43.46
109 108 43.46
110 111 14.9
111 110 14.9
111 112 15.19
112 111 15.19
111 113 4.6
113 111 4.6
114 115 83.3
115 114 83.3
114 116 4.43
116 114 4.43
114 117 10.24
117 114 10.24
114 118 4.21
118 114 4.21
119 120 6.67
120 119 6.67
119 121 8.56
121 119 8.56
122 123 2.93
123 122 2.93
123 124 4.85
124 123 4.85
123 125 4.43
125 123 4.43
123 126 10.91
126 123 10.91
127 128 12.64
128 127 12.64
129 130 116.65
130 129 116.65
130 131 15.37
131 130 15.37
132 133 113.53
133 132 113.53
131 134 5.41
134 131 5.41
131 135 154.11
135 131 154.11
136 137 15.8
137 136 15.8
137 138 15.0
138 137 15.0
137 139 90.08
139 137 90.08
140 141 4.31
141 140 4.31
140 142 14.88
142 140 14.88
139 140 4.72
140 139 4.72
143 144 7.94
144 143 7.94
144 145 94.15
145 144 94.15
146 147 89.7
147 146 89.7
147 148 15.21
148 147 15.21
136 147 15.07
147 136 15.07
64 70 12.23
70 64 12.23
70 149 3.8
149 70 3.8
78 150 2.66
150 78 2.66
78 151 2.54
151 78 2.54
72 152 9.87
152 72 9.87
152 153 13.79
153 152 13.79
152 154 4.01
154 152 4.01
155 156 169.1
156 155 169.1
157 158 75.42
158 157 75.42
159 160 2.53
160 159 2.53
159 161 13.98
161 159 13.98
77 159 9.65
159 77 9.65
162 163 111.68
163 162 111.68
66 153 16.39
153 66 16.39
86 164 11.83
164 86 11.83
110 164 17.86
164 110 17.86
165 166 3.66
166 165 3.66
166 167 5.02
167 166 5.02
166 168 16.51
168 166 16.51
166 169 13.04
169 166 13.04
170 171 7.76
171 170 7.76
171 172 6.47
172 171 6.47
161 173 2.95
173 161 2.95
161 174 5.66
174 161 5.66
66 175 4.34
175 66 4.34
176 177 91.3
177 176 91.3
176 178 14.24
178 176 14.24
176 179 16.11
179 176 16.11
180 181 3.45
181 180 3.45
180 182 14.27
182 180 14.27
180 183 115.93
183 180 115.93
184 185 255.0
185 184 255.0
177 186 2.97
186 177 2.97
186 187 2.51
187 186 2.51
186 188 15.7
188 186 15.7
186 189 14.46
189 186 14.46
179 190 91.68
190 179 91.68
179 191 15.5
191 179 15.5
188 190 2.41
190 188 2.41
188 192 15.17
192 188 15.17
191 193 91.9
193 191 91.9
191 194 14.52
194 191 14.52
195 196 13.94
196 195 13.94
192 193 2.26
193 192 2.26
192 197 3.14
197 192 3.14
192 198 15.15
198 192 15.15
194 199 91.38
199 194 91.38
148 194 15.14
194 148 15.14
198 199 3.24
199 198 3.24
126 198 3.83
198 126 3.83
136 200 89.86
200 136 89.86
142 200 5.0
200 142 5.0
142 201 11.17
201 142 11.17
138 202 89.4
202 138 89.4
138 203 14.03
203 138 14.03
203 204 91.08
204 203 91.08
60 203 12.3
203 60 12.3
204 205 4.79
205 204 4.79
205 206 15.22
206 205 15.22
205 207 15.49
207 205 15.49
58 206 5.51
206 58 5.51
206 208 16.3
208 206 16.3
86 209 5.27
209 86 5.27
86 210 4.76
210 86 4.76
169 211 4.22
211 169 4.22
82 169 4.7
169 82 4.7
212 213 6.4
213 212 6.4
212 214 7.6
214 212 7.6
168 215 4.93
215 168 4.93
168 216 3.74
216 168 3.74
110 217 6.39
217 110 6.39
218 219 15.08
219 218 15.08
112 220 5.05
220 112 5.05
221 222 4.16
222 221 4.16
222 223 4.36
223 222 4.36
222 224 15.33
224 222 15.33
222 225 15.25
225 222 15.25
224 226 11.5
226 224 11.5
227 228 14.06
228 227 14.06
229 230 64.25
230 229 64.25
231 232 4.59
232 231 4.59
118 231 10.33
231 118 10.33
226 231 3.9
231 226 3.9
233 234 92.42
234 233 92.42
182 235 4.59
235 182 4.59
117 182 5.25
182 117 5.25
183 236 8.35
236 183 8.35
237 238 95.91
238 237 95.91
238 239 41.03
239 238 41.03
238 240 42.62
240 238 42.62
241 242 125.73
242 241 125.73
243 244 130.95
244 243 130.95
245 246 54.14
246 245 54.14
247 248 81.58
248 247 81.58
248 249 29.54
249 248 29.54
248 250 20.45
250 248 20.45
248 251 28.76
251 248 28.76
252 253 100.79
253 252 100.79
254 255 63.24
255 254 63.24
255 256 52.77
256 255 52.77
255 257 166.87
257 255 166.87
258 259 33.91
259 258 33.91
260 261 33.81
261 260 33.81
261 262 67.16
262 261 67.16
263 264 140.0
264 263 140.0
265 266 44.84
266 265 44.84
267 268 71.11
268 267 71.11
269 270 46.49
270 269 46.49
271 272 18.37
272 271 18.37
272 273 22.28
273 272 22.28
272 274 145.53
274 272 145.53
275 276 83.59
276 275 83.59
277 278 8.72
278 277 8.72
278 279 26.24
279 278 26.24
280 281 52.79
281 280 52.79
281 282 77.32
282 281 77.32
283 284 34.23
284 283 34.23
283 285 31.25
285 283 31.25
286 287 8.58
287 286 8.58
288 289 52.86
289 288 52.86
289 290 15.86
290 289 15.86
225 291 4.2
291 225 4.2
225 292 5.0
292 225 5.0
216 225 11.32
225 216 11.32
293 294 6.97
294 293 6.97
295 296 8.63
296 295 8.63
296 297 6.59
297 296 6.59
298 299 477.93
299 298 477.93
300 301 2.93
301 300 2.93
301 302 9.05
302 301 9.05
301 303 3.84
303 301 3.84
301 304 4.34
304 301 4.34
305 306 3.29
306 305 3.29
305 307 10.9
307 305 10.9
305 308 11.8
308 305 11.8
124 148 89.9
148 124 89.9
40 309 2.58
309 40 2.58
310 311 22.67
311 310 22.67
310 312 14.39
312 310 14.39
310 313 30.64
313 310 30.64
310 314 52.65
314 310 52.65
315 316 61.87
316 315 61.87
271 315 80.1
315 271 80.1
315 317 101.55
317 315 101.55
316 318 56.09
318 316 56.09
316 319 66.68
319 316 66.68
318 320 50.96
320 318 50.96
318 321 95.81
321 318 95.81
321 322 79.16
322 321 79.16
321 323 66.66
323 321 66.66
321 324 124.91
324 321 124.91
325 326 39.43
326 325 39.43
327 328 97.79
328 327 97.79
329 330 106.22
330 329 106.22
331 332 9.6
332 331 9.6
331 333 104.92
333 331 104.92
334 335 26.67
335 334 26.67
334 336 22.49
336 334 22.49
334 337 31.79
337 334 31.79
335 338 45.08
338 335 45.08
335 339 22.84
339 335 22.84
340 341 10.12
341 340 10.12
342 343 130.63
343 342 130.63
344 345 28.32
345 344 28.32
344 346 10.82
346 344 10.82
344 347 59.05
347 344 59.05
348 349 5.32
349 348 5.32
350 351 73.45
351 350 73.45
352 353 133.79
353 352 133.79
354 355 17.83
355 354 17.83
356 357 131.48
357 356 131.48
358 359 156.0
359 358 156.0
360 361 137.87
361 360 137.87
362 363 11.27
363 362 11.27
363 364 87.66
364 363 87.66
365 366 9.6
366 365 9.6
365 367 33.83
367 365 33.83
368 369 7.99
369 368 7.99
370 371 18.62
371 370 18.62
371 372 53.07
372 371 53.07
373 374 132.12
374 373 132.12
280 375 65.14
375 280 65.14
376 377 25.64
377 376 25.64
376 378 32.85
378 376 32.85
376 379 78.31
379 376 78.31
380 381 181.67
381 380 181.67
382 383 102.65
383 382 102.65
382 384 16.64
384 382 16.64
382 385 21.54
385 382 21.54
386 387 70.62
387 386 70.62
387 388 111.25
388 387 111.25
389 390 96.44
390 389 96.44
391 392 96.53
392 391 96.53
393 394 3.59
394 393 3.59
395 396 133.24
396 395 133.24
397 398 34.22
398 397 34.22
399 400 44.75
400 399 44.75
401 402 14.06
402 401 14.06
402 403 39.23
403 402 39.23
402 404 56.53
404 402 56.53
405 406 21.32
406 405 21.32
406 407 112.75
407 406 112.75
405 408 33.07
408 405 33.07
409 410 143.07
410 409 143.07
411 412 83.91
412 411 83.91
337 338 14.98
338 337 14.98
338 413 2.03
413 338 2.03
414 415 56.91
415 414 56.91
415 416 33.82
416 415 33.82
417 418 19.02
418 417 19.02
417 419 88.29
419 417 88.29
313 420 26.97
420 313 26.97
421 422 95.04
422 421 95.04
423 424 139.28
424 423 139.28
425 426 105.71
426 425 105.71
427 428 58.35
428 427 58.35
429 430 89.18
430 429 89.18
430 431 20.98
431 430 20.98
249 430 31.65
430 249 31.65
432 433 32.31
433 432 32.31
432 434 61.16
434 432 61.16
435 436 78.18
436 435 78.18
437 438 66.95
438 437 66.95
437 439 14.56
439 437 14.56
440 441 27.11
441 440 27.11
442 443 104.88
443 442 104.88
444 445 89.18
445 444 89.18
446 447 77.62
447 446 77.62
446 448 75.65
448 446 75.65
449 450 60.54
450 449 60.54
444 449 62.11
449 444 62.11
451 452 20.34
452 451 20.34
393 452 27.81
452 393 27.81
145 452 47.42
452 145 47.42
453 454 182.96
454 453 182.96
455 456 111.67
456 455 111.67
457 458 164.98
458 457 164.98
459 460 96.37
460 459 96.37
461 462 46.8
462 461 46.8
463 464 92.93
464 463 92.93
463 465 72.49
465 463 72.49
466 467 62.73
467 466 62.73
468 469 77.34
469 468 77.34
470 471 88.54
471 470 88.54
472 473 123.07
473 472 123.07
474 475 28.35
475 474 28.35
475 476 29.72
476 475 29.72
355 477 54.34
477 355 54.34
478 479 31.71
479 478 31.71
480 481 42.84
481 480 42.84
480 482 41.11
482 480 41.11
483 484 131.88
484 483 131.88
485 486 45.43
486 485 45.43
486 487 3.86
487 486 3.86
488 489 120.76
489 488 120.76
490 491 20.32
491 490 20.32
492 493 32.48
493 492 32.48
492 494 5.1
494 492 5.1
495 496 81.59
496 495 81.59
495 497 16.86
497 495 16.86
498 499 60.11
499 498 60.11
500 501 9.86
501 500 9.86
500 502 63.93
502 500 63.93
501 503 51.94
503 501 51.94
504 505 42.37
505 504 42.37
504 506 54.44
506 504 54.44
507 508 88.25
508 507 88.25
507 509 35.84
509 507 35.84
510 511 56.13
511 510 56.13
510 512 7.57
512 510 7.57
512 513 19.85
513 512 19.85
514 515 140.15
515 514 140.15
516 517 42.4
517 516 42.4
517 518 43.58
518 517 43.58
519 520 42.9
520 519 42.9
519 521 62.37
521 519 62.37
519 522 119.46
522 519 119.46
523 524 54.24
524 523 54.24
523 525 21.35
525 523 21.35
526 527 63.28
527 526 63.28
513 525 27.45
525 513 27.45
497 508 14.8
508 497 14.8
508 528 358.62
528 508 358.62
529 530 63.16
530 529 63.16
480 529 51.03
529 480 51.03
531 532 75.25
532 531 75.25
533 534 78.37
534 533 78.37
535 536 33.09
536 535 33.09
536 537 78.64
537 536 78.64
536 538 242.58
538 536 242.58
539 540 94.89
540 539 94.89
541 542 88.42
542 541 88.42
541 543 30.42
543 541 30.42
544 545 118.84
545 544 118.84
546 547 35.94
547 546 35.94
548 549 66.3
549 548 66.3
550 551 67.6
551 550 67.6
552 553 135.63
553 552 135.63
554 555 97.16
555 554 97.16
556 557 52.68
557 556 52.68
556 558 74.08
558 556 74.08
559 560 56.98
560 559 56.98
561 562 82.31
562 561 82.31
563 564 7.43
564 563 7.43
564 565 56.22
565 564 56.22
564 566 13.98
566 564 13.98
567 568 45.47
568 567 45.47
568 569 89.22
569 568 89.22
568 570 68.49
570 568 68.49
568 571 51.94
571 568 51.94
572 573 28.4
573 572 28.4
574 575 27.21
575 574 27.21
575 576 35.48
576 575 35.48
574 577 43.16
577 574 43.16
577 578 14.18
578 577 14.18
579 580 125.15
580 579 125.15
581 582 77.85
582 581 77.85
583 584 41.34
584 583 41.34
585 586 142.33
586 585 142.33
587 588 123.71
588 587 123.71
589 590 8.62
590 589 8.62
590 591 2.86
591 590 2.86
592 593 54.99
593 592 54.99
592 594 20.68
594 592 20.68
592 595 19.23
595 592 19.23
596 597 90.46
597 596 90.46
598 599 22.56
599 598 22.56
599 600 108.76
600 599 108.76
599 601 46.61
601 599 46.61
599 602 76.01
602 599 76.01
598 603 18.28
603 598 18.28
603 604 300.27
604 603 300.27
605 606 76.53
606 605 76.53
607 608 76.97
608 607 76.97
609 610 28.29
610 609 28.29
609 611 75.01
611 609 75.01
267 612 70.13
612 267 70.13
613 614 22.79
614 613 22.79
613 615 28.23
615 613 28.23
613 616 102.37
616 613 102.37
617 618 223.92
618 617 223.92
479 619 52.63
619 479 52.63
620 621 37.47
621 620 37.47
622 623 123.94
623 622 123.94
624 625 60.72
625 624 60.72
626 627 43.1
627 626 43.1
626 628 110.96
628 626 110.96
629 630 41.55
630 629 41.55
630 631 111.28
631 630 111.28
627 632 30.83
632 627 30.83
629 633 113.83
633 629 113.83
634 635 134.82
635 634 134.82
636 637 125.11
637 636 125.11
364 638 3.04
638 364 3.04
638 639 28.11
639 638 28.11
640 641 27.45
641 640 27.45
641 642 35.72
642 641 35.72
641 643 22.18
643 641 22.18
644 645 37.39
645 644 37.39
644 646 22.72
646 644 22.72
642 644 39.22
644 642 39.22
647 648 143.83
648 647 143.83
648 649 128.24
649 648 128.24
650 651 106.86
651 650 106.86
650 652 23.29
652 650 23.29
653 654 65.9
654 653 65.9
655 656 21.17
656 655 21.17
656 657 30.04
657 656 30.04
658 659 10.14
659 658 10.14
659 660 15.71
660 659 15.71
661 662 101.86
662 661 101.86
601 662 70.24
662 601 70.24
663 664 70.26
664 663 70.26
601 665 63.43
665 601 63.43
666 667 74.49
667 666 74.49
668 669 39.61
669 668 39.61
670 671 157.96
671 670 157.96
672 673 91.28
673 672 91.28
674 675 68.83
675 674 68.83
676 677 125.76
677 676 125.76
678 679 7.71
679 678 7.71
678 680 75.82
680 678 75.82
678 681 145.18
681 678 145.18
682 683 66.21
683 682 66.21
682 684 13.36
684 682 13.36
682 685 45.04
685 682 45.04
686 687 69.59
687 686 69.59
685 688 125.04
688 685 125.04
685 689 84.52
689 685 84.52
690 691 56.24
691 690 56.24
691 692 6.6
692 691 6.6
691 693 44.18
693 691 44.18
694 695 88.27
695 694 88.27
696 697 81.6
697 696 81.6
698 699 78.83
699 698 78.83
700 701 17.43
701 700 17.43
701 702 44.94
702 701 44.94
703 704 190.26
704 703 190.26
705 706 14.58
706 705 14.58
707 708 131.13
708 707 131.13
651 707 46.46
707 651 46.46
707 709 27.11
709 707 27.11
710 711 21.31
711 710 21.31
711 712 51.7
712 711 51.7
713 714 105.26
714 713 105.26
715 716 68.13
716 715 68.13
716 717 59.81
717 716 59.81
717 718 32.9
718 717 32.9
719 720 107.04
720 719 107.04
719 721 67.53
721 719 67.53
722 723 51.32
723 722 51.32
31 724 3.62
724 31 3.62
725 726 2.86
726 725 2.86
727 728 72.85
728 727 72.85
728 729 84.01
729 728 84.01
730 731 68.24
731 730 68.24
732 733 148.11
733 732 148.11
734 735 60.53
735 734 60.53
736 737 67.35
737 736 67.35
738 739 79.58
739 738 79.58
740 741 201.9
741 740 201.9
742 743 75.08
743 742 75.08
744 745 79.63
745 744 79.63
746 747 25.41
747 746 25.41
747 748 46.74
748 747 46.74
747 749 24.07
749 747 24.07
750 751 44.88
751 750 44.88
240 752 24.67
752 240 24.67
322 752 5.2
752 322 5.2
320 752 94.39
752 320 94.39
753 754 7.97
754 753 7.97
755 756 1.3
756 755 1.3
668 757 128.2
757 668 128.2
668 758 52.5
758 668 52.5
143 759 10.73
759 143 10.73
759 760 15.8
760 759 15.8
759 761 30.19
761 759 30.19
759 762 41.99
762 759 41.99
763 764 72.33
764 763 72.33
764 765 85.07
765 764 85.07
766 767 31.71
767 766 31.71
767 768 50.39
768 767 50.39
767 769 40.23
769 767 40.23
767 770 42.05
770 767 42.05
769 771 3.55
771 769 3.55
769 772 12.42
772 769 12.42
771 773 17.41
773 771 17.41
771 774 40.24
774 771 40.24
773 775 24.78
775 773 24.78
773 776 40.91
776 773 40.91
761 775 15.49
775 761 15.49
775 777 39.36
777 775 39.36
761 778 38.52
778 761 38.52
143 779 30.51
779 143 30.51
780 781 7.17
781 780 7.17
772 782 14.52
782 772 14.52
772 783 40.04
783 772 40.04
784 785 127.55
785 784 127.55
786 787 136.55
787 786 136.55
788 789 74.13
789 788 74.13
790 791 6.8
791 790 6.8
791 792 94.81
792 791 94.81
793 794 43.69
794 793 43.69
795 796 17.78
796 795 17.78
796 797 24.71
797 796 24.71
706 795 36.97
795 706 36.97
798 799 72.86
799 798 72.86
155 158 35.03
158 155 35.03
800 801 135.75
801 800 135.75
802 803 19.9
803 802 19.9
802 804 27.15
804 802 27.15
802 805 25.22
805 802 25.22
806 807 19.51
807 806 19.51
330 807 28.78
807 330 28.78
732 808 19.65
808 732 19.65
808 809 24.55
809 808 24.55
620 808 90.62
808 620 90.62
732 809 14.23
809 732 14.23
809 810 17.24
810 809 17.24
811 812 13.51
812 811 13.51
811 813 83.68
813 811 83.68
814 815 56.78
815 814 56.78
816 817 5.4
817 816 5.4
816 818 59.16
818 816 59.16
819 820 57.21
820 819 57.21
820 821 19.33
821 820 19.33
820 822 26.57
822 820 26.57
823 824 26.84
824 823 26.84
821 824 23.65
824 821 23.65
824 825 62.84
825 824 62.84
826 827 107.56
827 826 107.56
828 829 29.28
829 828 29.28
829 830 26.49
830 829 26.49
829 831 34.57
831 829 34.57
832 833 27.38
833 832 27.38
833 834 33.86
834 833 33.86
835 836 3.52
836 835 3.52
241 837 43.42
837 241 43.42
832 837 115.35
837 832 115.35
838 839 38.7
839 838 38.7
839 840 73.81
840 839 73.81
839 841 61.91
841 839 61.91
842 843 27.35
843 842 27.35
842 844 34.44
844 842 34.44
369 845 20.78
845 369 20.78
846 847 28.88
847 846 28.88
848 849 23.47
849 848 23.47
850 851 50.62
851 850 50.62
852 853 47.72
853 852 47.72
853 854 21.23
854 853 21.23
853 855 51.31
855 853 51.31
593 856 19.88
856 593 19.88
857 858 51.91
858 857 51.91
857 859 65.2
859 857 65.2
742 860 54.92
860 742 54.92
861 862 99.66
862 861 99.66
863 864 95.17
864 863 95.17
865 866 137.96
866 865 137.96
867 868 172.43
868 867 172.43
869 870 201.16
870 869 201.16
493 871 5.68
871 493 5.68
872 873 142.98
873 872 142.98
874 875 66.8
875 874 66.8
876 877 99.01
877 876 99.01
878 879 37.23
879 878 37.23
880 881 73.12
881 880 73.12
882 883 24.42
883 882 24.42
884 885 45.7
885 884 45.7
884 886 27.22
886 884 27.22
884 887 27.46
887 884 27.46
888 889 53.8
889 888 53.8
889 890 81.44
890 889 81.44
891 892 31.61
892 891 31.61
893 894 78.47
894 893 78.47
895 896 65.86
896 895 65.86
897 898 29.62
898 897 29.62
898 899 97.9
899 898 97.9
898 900 51.72
900 898 51.72
901 902 99.89
902 901 99.89
903 904 103.67
904 903 103.67
904 905 188.82
905 904 188.82
904 906 129.74
906 904 129.74
907 908 151.88
908 907 151.88
908 909 149.13
909 908 149.13
910 911 67.67
911 910 67.67
912 913 237.66
913 912 237.66
914 915 59.78
915 914 59.78
916 917 30.54
917 916 30.54
916 918 25.59
918 916 25.59
916 919 78.2
919 916 78.2
846 920 25.29
920 846 25.29
920 921 12.18
921 920 12.18
920 922 57.98
922 920 57.98
923 924 51.46
924 923 51.46
923 925 80.86
925 923 80.86
926 927 50.28
927 926 50.28
928 929 237.97
929 928 237.97
930 931 101.79
931 930 101.79
932 933 138.78
933 932 138.78
934 935 78.1
935 934 78.1
936 937 93.28
937 936 93.28
938 939 57.52
939 938 57.52
636 750 59.57
750 636 59.57
665 940 90.22
940 665 90.22
917 941 26.04
941 917 26.04
917 942 78.39
942 917 78.39
943 944 265.33
944 943 265.33
945 946 73.5
946 945 73.5
947 948 92.71
948 947 92.71
948 949 6.83
949 948 6.83
950 951 37.83
951 950 37.83
952 953 152.79
953 952 152.79
954 955 129.17
955 954 129.17
956 957 16.92
957 956 16.92
957 958 97.33
958 957 97.33
957 959 62.82
959 957 62.82
583 960 8.78
960 583 8.78
961 962 101.65
962 961 101.65
963 964 34.7
964 963 34.7
594 965 9.65
965 594 9.65
965 966 9.52
966 965 9.52
965 967 32.79
967 965 32.79
397 968 20.26
968 397 20.26
969 970 25.4
970 969 25.4
971 972 20.49
972 971 20.49
973 974 16.54
974 973 16.54
974 975 13.79
975 974 13.79
974 976 21.19
976 974 21.19
977 978 96.48
978 977 96.48
968 979 45.64
979 968 45.64
980 981 53.88
981 980 53.88
982 983 118.04
983 982 118.04
798 984 82.72
984 798 82.72
985 986 1.28
986 985 1.28
987 988 10.86
988 987 10.86
989 990 85.16
990 989 85.16
991 992 34.75
992 991 34.75
993 994 31.04
994 993 31.04
994 995 5.77
995 994 5.77
996 997 52.77
997 996 52.77
995 997 98.23
997 995 98.23
997 998 157.77
998 997 157.77
999 1000 156.0
1000 999 156.0
1000 1001 8.26
1001 1000 8.26
1002 1003 24.42
1003 1002 24.42
1004 1005 138.14
1005 1004 138.14
1006 1007 56.9
1007 1006 56.9
1008 1009 93.39
1009 1008 93.39
1010 1011 12.01
1011 1010 12.01
1012 1013 274.05
1013 1012 274.05
1014 1015 96.92
1015 1014 96.92
1015 1016 52.64
1016 1015 52.64
1015 1017 34.25
1017 1015 34.25
1018 1019 95.21
1019 1018 95.21
1020 1021 33.45
1021 1020 33.45
416 1022 62.78
1022 416 62.78
1023 1024 9.71
1024 1023 9.71
1025 1026 53.59
1026 1025 53.59
1026 1027 299.66
1027 1026 299.66
1028 1029 69.8
1029 1028 69.8
1028 1030 54.44
1030 1028 54.44
1031 1032 105.0
1032 1031 105.0
1033 1034 117.66
1034 1033 117.66
1035 1036 4.23
1036 1035 4.23
1036 1037 59.75
1037 1036 59.75
1038 1039 39.14
1039 1038 39.14
1038 1040 114.89
1040 1038 114.89
1041 1042 149.2
1042 1041 149.2
1043 1044 111.28
1044 1043 111.28
1043 1045 13.47
1045 1043 13.47
1003 1046 99.53
1046 1003 99.53
1039 1047 58.83
1047 1039 58.83
834 1048 75.72
1048 834 75.72
834 1049 65.49
1049 834 65.49
250 1050 33.59
1050 250 33.59
250 1051 81.39
1051 250 81.39
1052 1053 71.17
1053 1052 71.17
1053 1054 68.37
1054 1053 68.37
1053 1055 75.11
1055 1053 75.11
1054 1056 21.2
1056 1054 21.2
1057 1058 26.36
1058 1057 26.36
1058 1059 103.92
1059 1058 103.92
1060 1061 143.45
1061 1060 143.45
1062 1063 96.39
1063 1062 96.39
1064 1065 45.98
1065 1064 45.98
1066 1067 111.85
1067 1066 111.85
571 1068 39.73
1068 571 39.73
571 1069 81.28
1069 571 81.28
1070 1071 86.88
1071 1070 86.88
1072 1073 209.79
1073 1072 209.79
1074 1075 36.37
1075 1074 36.37
607 1075 41.56
1075 607 41.56
1076 1077 33.77
1077 1076 33.77
1078 1079 108.76
1079 1078 108.76
1073 1080 76.05
1080 1073 76.05
1081 1082 94.81
1082 1081 94.81
1083 1084 82.12
1084 1083 82.12
1084 1085 46.86
1085 1084 46.86
1084 1086 110.09
1086 1084 110.09
1087 1088 49.1
1088 1087 49.1
1087 1089 35.47
1089 1087 35.47
1085 1087 29.45
1087 1085 29.45
1090 1091 22.64
1091 1090 22.64
1083 1091 90.42
1091 1083 90.42
1085 1092 48.72
1092 1085 48.72
1092 1093 43.55
1093 1092 43.55
1088 1092 29.71
1092 1088 29.71
1092 1094 100.35
1094 1092 100.35
1083 1095 23.35
1095 1083 23.35
1095 1096 23.27
1096 1095 23.27
1097 1098 24.86
1098 1097 24.86
1086 1094 14.58
1094 1086 14.58
1085 1086 67.2
1086 1085 67.2
1099 1100 52.93
1100 1099 52.93
1088 1101 33.48
1101 1088 33.48
1102 1103 26.22
1103 1102 26.22
1104 1105 173.79
1105 1104 173.79
1106 1107 26.02
1107 1106 26.02
309 1107 48.54
1107 309 48.54
1108 1109 4.28
1109 1108 4.28
1108 1110 59.74
1110 1108 59.74
307 1109 3.82
1109 307 3.82
1111 1112 3.98
1112 1111 3.98
1111 1113 30.12
1113 1111 30.12
308 1112 3.37
1112 308 3.37
1112 1114 3.41
1114 1112 3.41
1115 1116 120.15
1116 1115 120.15
65 106 53.14
106 65 53.14
149 151 52.5
151 149 52.5
73 75 53.3
75 73 53.3
154 160 52.47
160 154 52.47
175 1117 52.17
1117 175 52.17
68 302 43.78
302 68 43.78
1118 1119 109.99
1119 1118 109.99
1120 1121 126.5
1121 1120 126.5
1122 1123 9.85
1123 1122 9.85
1123 1124 5.76
1124 1123 5.76
1125 1126 7.59
1126 1125 7.59
1125 1127 12.8
1127 1125 12.8
1128 1129 8.72
1129 1128 8.72
1128 1130 118.11
1130 1128 118.11
1131 1132 80.71
1132 1131 80.71
918 1133 25.19
1133 918 25.19
1133 1134 25.31
1134 1133 25.31
1133 1135 57.21
1135 1133 57.21
377 1135 25.53
1135 377 25.53
1135 1136 24.38
1136 1135 24.38
1137 1138 32.19
1138 1137 32.19
1139 1140 84.46
1140 1139 84.46
1141 1142 52.69
1142 1141 52.69
1143 1144 59.86
1144 1143 59.86
1145 1146 13.46
1146 1145 13.46
1147 1148 37.05
1148 1147 37.05
1149 1150 27.7
1150 1149 27.7
1149 1151 97.24
1151 1149 97.24
1152 1153 66.78
1153 1152 66.78
1147 1153 80.78
1153 1147 80.78
1154 1155 127.53
1155 1154 127.53
1156 1157 58.55
1157 1156 58.55
1158 1159 31.85
1159 1158 31.85
1160 1161 71.22
1161 1160 71.22
1162 1163 58.83
1163 1162 58.83
1164 1165 33.05
1165 1164 33.05
1166 1167 36.26
1167 1166 36.26
966 1168 50.4
1168 966 50.4
595 966 25.3
966 595 25.3
1169 1170 68.74
1170 1169 68.74
1171 1172 123.42
1172 1171 123.42
1173 1174 1.88
1174 1173 1.88
1175 1176 2.47
1176 1175 2.47
1169 1177 38.06
1177 1169 38.06
1178 1179 50.43
1179 1178 50.43
1180 1181 32.66
1181 1180 32.66
1181 1182 63.97
1182 1181 63.97
1183 1184 76.23
1184 1183 76.23
1183 1185 25.0
1185 1183 25.0
1183 1186 95.17
1186 1183 95.17
1186 1187 88.69
1187 1186 88.69
1188 1189 15.68
1189 1188 15.68
1180 1189 13.52
1189 1180 13.52
1187 1189 13.41
1189 1187 13.41
1190 1191 103.72
1191 1190 103.72
1192 1193 32.84
1193 1192 32.84
1193 1194 55.25
1194 1193 55.25
1120 1195 40.35
1195 1120 40.35
1196 1197 139.89
1197 1196 139.89
1198 1199 131.26
1199 1198 131.26
1200 1201 13.0
1201 1200 13.0
1202 1203 80.06
1203 1202 80.06
1204 1205 35.59
1205 1204 35.59
1204 1206 46.2
1206 1204 46.2
1192 1207 55.94
1207 1192 55.94
1208 1209 110.68
1209 1208 110.68
1210 1211 83.86
1211 1210 83.86
1211 1212 56.78
1212 1211 56.78
91 1213 11.34
1213 91 11.34
1214 1215 6.94
1215 1214 6.94
1214 1216 7.79
1216 1214 7.79
1217 1218 42.44
1218 1217 42.44
1206 1218 155.07
1218 1206 155.07
1219 1220 6.22
1220 1219 6.22
1219 1221 8.21
1221 1219 8.21
1217 1222 75.68
1222 1217 75.68
1117 1223 2.68
1223 1117 2.68
1223 1224 2.74
1224 1223 2.74
304 1223 10.41
1223 304 10.41
174 1223 10.67
1223 174 10.67
1225 1226 7.55
1226 1225 7.55
1225 1227 2.92
1227 1225 2.92
1225 1228 4.34
1228 1225 4.34
1225 1229 4.16
1229 1225 4.16
1230 1231 11.43
1231 1230 11.43
1230 1232 104.48
1232 1230 104.48
1230 1233 11.5
1233 1230 11.5
1234 1235 110.2
1235 1234 110.2
1236 1237 55.83
1237 1236 55.83
1237 1238 76.24
1238 1237 76.24
1237 1239 84.04
1239 1237 84.04
1237 1240 65.79
1240 1237 65.79
1238 1241 45.91
1241 1238 45.91
1241 1242 19.18
1242 1241 19.18
1243 1244 42.22
1244 1243 42.22
1206 1245 48.03
1245 1206 48.03
1246 1247 60.05
1247 1246 60.05
1205 1246 27.9
1246 1205 27.9
1247 1248 49.21
1248 1247 49.21
1248 1249 143.74
1249 1248 143.74
1250 1251 40.0
1251 1250 40.0
1252 1253 4.32
1253 1252 4.32
1254 1255 73.82
1255 1254 73.82
1256 1257 31.54
1257 1256 31.54
1256 1258 89.83
1258 1256 89.83
1256 1259 64.59
1259 1256 64.59
1260 1261 22.2
1261 1260 22.2
1261 1262 22.69
1262 1261 22.69
1263 1264 45.18
1264 1263 45.18
1265 1266 66.52
1266 1265 66.52
145 1267 3.48
1267 145 3.48
1268 1269 80.21
1269 1268 80.21
1270 1271 286.67
1271 1270 286.67
1270 1272 472.53
1272 1270 472.53
1270 1273 308.66
1273 1270 308.66
1274 1275 42.32
1275 1274 42.32
1274 1276 82.56
1276 1274 82.56
1277 1278 14.07
1278 1277 14.07
1279 1280 94.68
1280 1279 94.68
1264 1281 77.71
1281 1264 77.71
1282 1283 39.95
1283 1282 39.95
1283 1284 81.95
1284 1283 81.95
1283 1285 135.05
1285 1283 135.05
1286 1287 13.74
1287 1286 13.74
1286 1288 55.62
1288 1286 55.62
552 1289 6.6
1289 552 6.6
1212 1247 79.95
1247 1212 79.95
1290 1291 61.49
1291 1290 61.49
1292 1293 44.82
1293 1292 44.82
1292 1294 42.66
1294 1292 42.66
1292 1295 46.41
1295 1292 46.41
1296 1297 13.08
1297 1296 13.08
1296 1298 74.02
1298 1296 74.02
1299 1300 17.47
1300 1299 17.47
1299 1301 110.16
1301 1299 110.16
1302 1303 132.62
1303 1302 132.62
1304 1305 27.13
1305 1304 27.13
886 1305 113.94
1305 886 113.94
1306 1307 14.33
1307 1306 14.33
1306 1308 82.72
1308 1306 82.72
1309 1310 20.53
1310 1309 20.53
1310 1311 24.79
1311 1310 24.79
1311 1312 35.21
1312 1311 35.21
1313 1314 55.9
1314 1313 55.9
1315 1316 45.11
1316 1315 45.11
1317 1318 154.38
1318 1317 154.38
1319 1320 118.77
1320 1319 118.77
1134 1136 57.0
1136 1134 57.0
1134 1321 27.66
1321 1134 27.66
1136 1322 28.58
1322 1136 28.58
1323 1324 27.53
1324 1323 27.53
1323 1325 13.11
1325 1323 13.11
1326 1327 2.24
1327 1326 2.24
1328 1329 93.19
1329 1328 93.19
1329 1330 40.4
1330 1329 40.4
1329 1331 41.0
1331 1329 41.0
1332 1333 96.58
1333 1332 96.58
1334 1335 73.87
1335 1334 73.87
1334 1336 81.43
1336 1334 81.43
1337 1338 3.95
1338 1337 3.95
1339 1340 161.54
1340 1339 161.54
1341 1342 11.45
1342 1341 11.45
1341 1343 26.32
1343 1341 26.32
1344 1345 85.5
1345 1344 85.5
1346 1347 40.1
1347 1346 40.1
1348 1349 37.13
1349 1348 37.13
1350 1351 17.09
1351 1350 17.09
1350 1352 6.87
1352 1350 6.87
1353 1354 40.33
1354 1353 40.33
1353 1355 31.86
1355 1353 31.86
1356 1357 29.32
1357 1356 29.32
1357 1358 60.62
1358 1357 60.62
1357 1359 46.41
1359 1357 46.41
748 1360 24.3
1360 748 24.3
748 1361 32.37
1361 748 32.37
1362 1363 89.71
1363 1362 89.71
687 1364 67.89
1364 687 67.89
1352 1365 28.81
1365 1352 28.81
1297 1366 61.89
1366 1297 61.89
1366 1367 78.25
1367 1366 78.25
1368 1369 17.17
1369 1368 17.17
1370 1371 25.25
1371 1370 25.25
1371 1372 25.74
1372 1371 25.74
1057 1371 13.5
1371 1057 13.5
1293 1373 45.93
1373 1293 45.93
1374 1375 43.82
1375 1374 43.82
244 1375 70.5
1375 244 70.5
1376 1377 42.8
1377 1376 42.8
1377 1378 117.27
1378 1377 117.27
1379 1380 53.13
1380 1379 53.13
594 1380 27.58
1380 594 27.58
1380 1381 28.28
1381 1380 28.28
1382 1383 81.06
1383 1382 81.06
383 1384 27.67
1384 383 27.67
1369 1384 54.88
1384 1369 54.88
1385 1386 92.63
1386 1385 92.63
1385 1387 68.1
1387 1385 68.1
1385 1388 90.72
1388 1385 90.72
1389 1390 62.53
1390 1389 62.53
1391 1392 6.02
1392 1391 6.02
542 1391 21.23
1391 542 21.23
1393 1394 102.6
1394 1393 102.6
1393 1395 22.12
1395 1393 22.12
1396 1397 135.13
1397 1396 135.13
1396 1398 106.41
1398 1396 106.41
1397 1399 133.49
1399 1397 133.49
1400 1401 125.22
1401 1400 125.22
1399 1402 133.26
1402 1399 133.26
1402 1403 133.19
1403 1402 133.19
1403 1404 70.34
1404 1403 70.34
1405 1406 8.38
1406 1405 8.38
1407 1408 85.36
1408 1407 85.36
1409 1410 51.01
1410 1409 51.01
1249 1411 56.92
1411 1249 56.92
1412 1413 38.24
1413 1412 38.24
1414 1415 52.53
1415 1414 52.53
1414 1416 56.15
1416 1414 56.15
1414 1417 118.04
1417 1414 118.04
1195 1416 58.82
1416 1195 58.82
69 1418 30.41
1418 69 30.41
1106 1418 13.86
1418 1106 13.86
1418 1419 28.89
1419 1418 28.89
1420 1421 66.36
1421 1420 66.36
1422 1423 3.82
1423 1422 3.82
1422 1424 9.14
1424 1422 9.14
1424 1425 53.58
1425 1424 53.58
1424 1426 29.14
1426 1424 29.14
1427 1428 237.68
1428 1427 237.68
1429 1430 71.32
1430 1429 71.32
1431 1432 90.16
1432 1431 90.16
1432 1433 67.95
1433 1432 67.95
1434 1435 63.56
1435 1434 63.56
1435 1436 32.87
1436 1435 32.87
1435 1437 42.48
1437 1435 42.48
1438 1439 25.0
1439 1438 25.0
1438 1440 101.69
1440 1438 101.69
1008 1441 24.62
1441 1008 24.62
1442 1443 8.28
1443 1442 8.28
1443 1444 13.48
1444 1443 13.48
1443 1445 53.58
1445 1443 53.58
1446 1447 20.62
1447 1446 20.62
1448 1449 9.57
1449 1448 9.57
1449 1450 82.89
1450 1449 82.89
1451 1452 136.55
1452 1451 136.55
1453 1454 33.39
1454 1453 33.39
1455 1456 76.78
1456 1455 76.78
1458 1459 68.37
1459 1458 68.37
1460 1461 21.17
1461 1460 21.17
858 1461 80.17
1461 858 80.17
1461 1462 19.44
1462 1461 19.44
1463 1464 22.11
1464 1463 22.11
1463 1465 79.71
1465 1463 79.71
46 1466 93.94
1466 46 93.94
1467 1468 157.05
1468 1467 157.05
1469 1470 83.57
1470 1469 83.57
1471 1472 43.68
1472 1471 43.68
1471 1473 54.57
1473 1471 54.57
1358 1474 29.06
1474 1358 29.06
1346 1474 26.14
1474 1346 26.14
1355 1356 26.52
1356 1355 26.52
1355 1475 45.83
1475 1355 45.83
1351 1476 8.89
1476 1351 8.89
792 1477 51.21
1477 792 51.21
746 1478 31.01
1478 746 31.01
878 1479 11.17
1479 878 11.17
746 1480 23.01
1480 746 23.01
1481 1482 8.91
1482 1481 8.91
1482 1483 41.26
1483 1482 41.26
1482 1484 11.55
1484 1482 11.55
1358 1485 59.99
1485 1358 59.99
578 1361 27.29
1361 578 27.29
1307 1486 24.3
1486 1307 24.3
1487 1488 55.82
1488 1487 55.82
274 1489 71.48
1489 274 71.48
1490 1491 22.9
1491 1490 22.9
1490 1492 42.1
1492 1490 42.1
1493 1494 27.98
1494 1493 27.98
1495 1496 191.89
1496 1495 191.89
1495 1497 148.17
1497 1495 148.17
271 317 91.28
317 271 91.28
317 855 14.11
855 317 14.11
1498 1499 50.88
1499 1498 50.88
855 1498 8.39
1498 855 8.39
1498 1500 74.57
1500 1498 74.57
1501 1502 94.72
1502 1501 94.72
1503 1504 69.48
1504 1503 69.48
1504 1505 51.33
1505 1504 51.33
1506 1507 17.51
1507 1506 17.51
381 1508 176.84
1508 381 176.84
1509 1510 5.63
1510 1509 5.63
1509 1511 34.54
1511 1509 34.54
1509 1512 68.06
1512 1509 68.06
801 1513 137.9
1513 801 137.9
1514 1515 73.53
1515 1514 73.53
1516 1517 14.55
1517 1516 14.55
1517 1518 53.73
1518 1517 53.73
1517 1519 26.56
1519 1517 26.56
240 1520 181.81
1520 240 181.81
322 1521 157.66
1521 322 157.66
1522 1523 91.98
1523 1522 91.98
1524 1525 83.04
1525 1524 83.04
1524 1526 83.04
1526 1524 83.04
1525 1526 83.04
1526 1525 83.04
1527 1528 91.32
1528 1527 91.32
1529 1530 14.21
1530 1529 14.21
1531 1532 77.97
1532 1531 77.97
146 1533 5.24
1533 146 5.24
201 1533 4.03
1533 201 4.03
1040 1534 61.8
1534 1040 61.8
1040 1535 70.49
1535 1040 70.49
141 207 10.44
207 141 10.44
196 197 78.78
197 196 78.78
181 1221 96.32
1221 181 96.32
187 1220 81.5
1220 187 81.5
228 232 95.1
232 228 95.1
116 121 95.31
121 116 95.31
120 1227 81.19
1227 120 81.19
219 221 94.85
221 219 94.85
292 295 95.29
295 292 95.29
297 300 81.39
300 297 81.39
172 173 81.56
173 172 81.56
167 170 96.46
170 167 96.46
1536 1537 95.86
1537 1536 95.86
80 1216 95.9
1216 80 95.9
76 1215 81.64
1215 76 81.64
99 101 96.25
101 99 96.25
103 104 80.21
104 103 80.21
1523 1538 97.68
1538 1523 97.68
1523 1539 64.7
1539 1523 64.7
1540 1541 63.66
1541 1540 63.66
1542 1543 87.46
1543 1542 87.46
1544 1545 51.7
1545 1544 51.7
1546 1547 104.15
1547 1546 104.15
1548 1549 39.76
1549 1548 39.76
1550 1551 39.2
1551 1550 39.2
1552 1553 83.97
1553 1552 83.97
1554 1555 94.57
1555 1554 94.57
1556 1557 17.51
1557 1556 17.51
1558 1559 54.1
1559 1558 54.1
1560 1561 125.73
1561 1560 125.73
1268 1562 6.58
1562 1268 6.58
1268 1563 25.88
1563 1268 25.88
1564 1565 83.42
1565 1564 83.42
607 1565 7.0
1565 607 7.0
973 1379 27.25
1379 973 27.25
1566 1567 61.07
1567 1566 61.07
1567 1568 66.49
1568 1567 66.49
1569 1570 68.03
1570 1569 68.03
1571 1572 10.62
1572 1571 10.62
1535 1573 45.94
1573 1535 45.94
1535 1574 24.66
1574 1535 24.66
1535 1575 52.86
1575 1535 52.86
1576 1577 56.06
1577 1576 56.06
1578 1579 64.36
1579 1578 64.36
1580 1581 52.93
1581 1580 52.93
1578 1582 84.95
1582 1578 84.95
1578 1583 73.13
1583 1578 73.13
1584 1585 39.8
1585 1584 39.8
1564 1586 18.55
1586 1564 18.55
1587 1588 2.87
1588 1587 2.87
1588 1589 17.94
1589 1588 17.94
1588 1590 41.04
1590 1588 41.04
1591 1592 93.98
1592 1591 93.98
1593 1594 47.02
1594 1593 47.02
1594 1595 40.71
1595 1594 40.71
1596 1597 248.72
1597 1596 248.72
1596 1598 60.47
1598 1596 60.47
1596 1599 60.47
1599 1596 60.47
1598 1599 60.47
1599 1598 60.47
1597 1600 113.78
1600 1597 113.78
1601 1602 39.35
1602 1601 39.35
1603 1604 55.69
1604 1603 55.69
1574 1605 29.73
1605 1574 29.73
1574 1606 49.17
1606 1574 49.17
612 1607 10.85
1607 612 10.85
559 1608 55.14
1608 559 55.14
1609 1610 36.21
1610 1609 36.21
1610 1611 90.95
1611 1610 90.95
1383 1612 72.28
1612 1383 72.28
1612 1613 74.12
1613 1612 74.12
1614 1615 113.15
1615 1614 113.15
1614 1616 31.89
1616 1614 31.89
1614 1617 54.8
1617 1614 54.8
1616 1618 50.68
1618 1616 50.68
1618 1619 42.27
1619 1618 42.27
1620 1621 35.21
1621 1620 35.21
1293 1370 21.2
1370 1293 21.2
1619 1622 23.9
1622 1619 23.9
1622 1623 57.34
1623 1622 57.34
282 1624 19.13
1624 282 19.13
1624 1625 60.36
1625 1624 60.36
1624 1626 59.17
1626 1624 59.17
676 1626 26.95
1626 676 26.95
1627 1628 87.26
1628 1627 87.26
1629 1630 100.35
1630 1629 100.35
1631 1632 31.21
1632 1631 31.21
1633 1634 88.14
1634 1633 88.14
1635 1636 107.35
1636 1635 107.35
676 1637 128.16
1637 676 128.16
1638 1639 99.23
1639 1638 99.23
1640 1641 52.47
1641 1640 52.47
1640 1642 64.52
1642 1640 64.52
1642 1643 51.77
1643 1642 51.77
1644 1645 74.5
1645 1644 74.5
1646 1647 51.01
1647 1646 51.01
1646 1648 44.47
1648 1646 44.47
1641 1649 99.41
1649 1641 99.41
1641 1643 64.46
1643 1641 64.46
1643 1650 99.65
1650 1643 99.65
1651 1652 82.53
1652 1651 82.53
1653 1654 52.62
1654 1653 52.62
1014 1654 50.48
1654 1014 50.48
1654 1655 48.58
1655 1654 48.58
1014 1656 43.72
1656 1014 43.72
1487 1657 91.7
1657 1487 91.7
1233 1658 17.82
1658 1233 17.82
1658 1659 72.36
1659 1658 72.36
991 1660 43.84
1660 991 43.84
991 1157 40.6
1157 991 40.6
1660 1661 42.98
1661 1660 42.98
1662 1663 33.37
1663 1662 33.37
1157 1661 44.64
1661 1157 44.64
1664 1665 98.66
1665 1664 98.66
1666 1667 49.14
1667 1666 49.14
1562 1667 84.9
1667 1562 84.9
1667 1668 56.54
1668 1667 56.54
1668 1669 85.04
1669 1668 85.04
1668 1670 47.59
1670 1668 47.59
1017 1656 96.85
1656 1017 96.85
1671 1672 104.41
1672 1671 104.41
1016 1672 94.56
1672 1016 94.56
1017 1673 99.69
1673 1017 99.69
1017 1539 76.63
1539 1017 76.63
1674 1675 44.92
1675 1674 44.92
1676 1677 42.52
1677 1676 42.52
1676 1678 95.21
1678 1676 95.21
1016 1679 41.67
1679 1016 41.67
1680 1681 91.17
1681 1680 91.17
1542 1681 72.83
1681 1542 72.83
1603 1682 9.37
1682 1603 9.37
1603 1683 58.94
1683 1603 58.94
1684 1685 44.7
1685 1684 44.7
1487 1684 55.9
1684 1487 55.9
1503 1686 7.6
1686 1503 7.6
1687 1688 66.3
1688 1687 66.3
1689 1690 70.9
1690 1689 70.9
1691 1692 52.11
1692 1691 52.11
1679 1693 38.99
1693 1679 38.99
1677 1694 40.71
1694 1677 40.71
1695 1696 114.09
1696 1695 114.09
1697 1698 18.39
1698 1697 18.39
1699 1700 138.64
1700 1699 138.64
1701 1702 62.14
1702 1701 62.14
1455 1703 27.69
1703 1455 27.69
1704 1705 84.0
1705 1704 84.0
487 1706 31.27
1706 487 31.27
832 1706 33.62
1706 832 33.62
485 1707 58.18
1707 485 58.18
1708 1709 85.02
1709 1708 85.02
1710 1711 132.63
1711 1710 132.63
1687 1712 90.69
1712 1687 90.69
269 1713 86.86
1713 269 86.86
1714 1715 58.33
1715 1714 58.33
1716 1717 51.41
1717 1716 51.41
345 1718 45.46
1718 345 45.46
1719 1720 89.55
1720 1719 89.55
1721 1722 77.99
1722 1721 77.99
472 602 110.53
602 472 110.53
1723 1724 12.04
1724 1723 12.04
1701 1725 15.72
1725 1701 15.72
1726 1727 86.79
1727 1726 86.79
1728 1729 69.98
1729 1728 69.98
702 1730 6.23
1730 702 6.23
1730 1731 10.6
1731 1730 10.6
1732 1733 15.19
1733 1732 15.19
1732 1734 44.91
1734 1732 44.91
1735 1736 93.55
1736 1735 93.55
1737 1738 129.77
1738 1737 129.77
1739 1740 79.29
1740 1739 79.29
1741 1742 7.52
1742 1741 7.52
1741 1743 9.96
1743 1741 9.96
1742 1744 22.78
1744 1742 22.78
1745 1746 10.96
1746 1745 10.96
1744 1745 9.82
1745 1744 9.82
1343 1747 28.42
1747 1343 28.42
1747 1748 138.71
1748 1747 138.71
1749 1750 21.8
1750 1749 21.8
1751 1752 35.52
1752 1751 35.52
1282 1753 49.45
1753 1282 49.45
1754 1755 68.27
1755 1754 68.27
1756 1757 53.63
1757 1756 53.63
1758 1759 139.03
1759 1758 139.03
1759 1760 33.39
1760 1759 33.39
1761 1762 85.95
1762 1761 85.95
1762 1763 38.38
1763 1762 38.38
469 1762 24.24
1762 469 24.24
1764 1765 15.67
1765 1764 15.67
1759 1764 52.52
1764 1759 52.52
458 1766 47.39
1766 458 47.39
931 1767 90.43
1767 931 90.43
1768 1769 114.39
1769 1768 114.39
1770 1771 110.02
1771 1770 110.02
1772 1773 105.99
1773 1772 105.99
1749 1774 20.49
1774 1749 20.49
1775 1776 137.87
1776 1775 137.87
1776 1777 142.63
1777 1776 142.63
1778 1779 60.76
1779 1778 60.76
1779 1780 19.17
1780 1779 19.17
1679 1781 43.38
1781 1679 43.38
1677 1782 66.78
1782 1677 66.78
1783 1784 0.28
1784 1783 0.28
1759 1785 60.33
1785 1759 60.33
1785 1786 137.81
1786 1785 137.81
1787 1788 74.17
1788 1787 74.17
1547 1789 25.98
1789 1547 25.98
1790 1791 83.38
1791 1790 83.38
1370 1792 89.25
1792 1370 89.25
1793 1794 26.78
1794 1793 26.78
1795 1796 36.57
1796 1795 36.57
1797 1798 47.72
1798 1797 47.72
1798 1799 26.9
1799 1798 26.9
1800 1801 81.86
1801 1800 81.86
1802 1803 117.61
1803 1802 117.61
1804 1805 91.16
1805 1804 91.16
1805 1806 2.24
1806 1805 2.24
496 1807 19.83
1807 496 19.83
844 1808 85.06
1808 844 85.06
1809 1810 104.64
1810 1809 104.64
1809 1811 40.74
1811 1809 40.74
1809 1812 143.0
1812 1809 143.0
1813 1814 69.38
1814 1813 69.38
1814 1815 171.49
1815 1814 171.49
1816 1817 35.91
1817 1816 35.91
813 1818 38.04
1818 813 38.04
813 1499 54.65
1499 813 54.65
1801 1819 56.87
1819 1801 56.87
1682 1820 56.07
1820 1682 56.07
498 1821 56.6
1821 498 56.6
1822 1823 77.72
1823 1822 77.72
1680 1824 85.19
1824 1680 85.19
1743 1825 64.5
1825 1743 64.5
1826 1827 109.22
1827 1826 109.22
1828 1829 104.95
1829 1828 104.95
1829 1830 66.23
1830 1829 66.23
435 1830 53.91
1830 435 53.91
1831 1832 77.77
1832 1831 77.77
1831 1833 86.94
1833 1831 86.94
1834 1835 85.89
1835 1834 85.89
1835 1836 58.51
1836 1835 58.51
1835 1837 38.53
1837 1835 38.53
1838 1839 56.89
1839 1838 56.89
1839 1840 106.86
1840 1839 106.86
1841 1842 72.44
1842 1841 72.44
1843 1844 153.82
1844 1843 153.82
1845 1846 14.04
1846 1845 14.04
1838 1847 47.53
1847 1838 47.53
1848 1849 44.94
1849 1848 44.94
1849 1850 36.44
1850 1849 36.44
1849 1851 109.69
1851 1849 109.69
1849 1852 90.03
1852 1849 90.03
1359 1853 7.77
1853 1359 7.77
1853 1854 20.29
1854 1853 20.29
1855 1856 35.45
