1 2 7.9
2 1 7.9
3 4 6.26
4 3 6.26
5 6 3.01
6 5 3.01
7 8 123.88
8 7 123.88
9 10 118.55
10 9 118.55
9 11 118.55
11 9 118.55
10 11 0.01
11 10 0.01
12 13 0.01
13 12 0.01
9 12 147.01
12 9 147.01
9 13 147.01
13 9 147.01
14 15 0.01
15 14 0.01
14 16 197.61
16 14 197.61
14 17 197.61
17 14 197.61
15 16 197.61
16 15 197.61
15 17 197.61
17 15 197.61
16 17 0.01
17 16 0.01
18 19 25.86
19 18 25.86
18 20 6.72
20 18 6.72
18 21 22.69
21 18 22.69
22 23 25.58
23 22 25.58
22 24 22.99
24 22 22.99
22 25 7.27
25 22 7.27
26 27 6.56
27 26 6.56
27 28 116.56
28 27 116.56
27 29 62.08
29 27 62.08
27 30 74.47
30 27 74.47
29 31 19.57
31 29 19.57
32 33 0.01
33 32 0.01
31 32 21.62
32 31 21.62
31 33 21.62
33 31 21.62
28 31 108.7
31 28 108.7
34 35 1.68
35 34 1.68
34 36 1.68
36 34 1.68
35 36 0.01
36 35 0.01
37 38 53.12
38 37 53.12
39 40 42.91
40 39 42.91
41 42 11.41
42 41 11.41
43 44 56.78
44 43 56.78
43 45 56.78
45 43 56.78
44 45 0.01
45 44 0.01
46 47 57.89
47 46 57.89
46 48 57.89
48 46 57.89
47 48 0.01
48 47 0.01
49 50 81.28
50 49 81.28
51 52 0.01
52 51 0.01
51 53 142.61
53 51 142.61
52 53 142.61
53 52 142.61
54 55 143.44
55 54 143.44
54 56 143.44
56 54 143.44
55 56 0.01
56 55 0.01
57 58 56.1
58 57 56.1
57 59 56.1
59 57 56.1
58 59 0.01
59 58 0.01
60 61 140.35
61 60 140.35
62 63 61.79
63 62 61.79
62 64 0.01
64 62 0.01
63 64 61.79
64 63 61.79
65 66 80.56
66 65 80.56
67 68 23.97
68 67 23.97
69 70 38.14
70 69 38.14
71 72 110.36
72 71 110.36
73 74 44.51
74 73 44.51
70 75 20.14
75 70 20.14
75 76 30.94
76 75 30.94
71 77 70.23
77 71 70.23
78 79 28.02
79 78 28.02
76 79 56.89
79 76 56.89
67 78 50.51
78 67 50.51
80 81 30.93
81 80 30.93
82 83 45.85
83 82 45.85
83 84 46.89
84 83 46.89
85 86 0.01
86 85 0.01
85 87 119.08
87 85 119.08
86 87 119.08
87 86 119.08
88 89 23.7
89 88 23.7
90 91 116.46
91 90 116.46
91 92 109.88
92 91 109.88
93 94 126.19
94 93 126.19
95 96 109.29
96 95 109.29
97 98 71.56
98 97 71.56
99 100 0.01
100 99 0.01
99 101 0.01
101 99 0.01
100 101 0.01
101 100 0.01
50 102 33.6
102 50 33.6
50 103 32.27
103 50 32.27
102 104 26.05
104 102 26.05
103 104 25.73
104 103 25.73
103 105 5.77
105 103 5.77
102 105 6.15
105 102 6.15
105 106 124.79
106 105 124.79
107 108 91.51
108 107 91.51
109 110 83.83
110 109 83.83
111 112 148.79
112 111 148.79
107 113 12.34
113 107 12.34
114 115 13.01
115 114 13.01
116 117 139.6
117 116 139.6
117 118 153.98
118 117 153.98
119 120 0.01
120 119 0.01
119 121 204.58
121 119 204.58
120 121 204.58
121 120 204.58
122 123 38.33
123 122 38.33
124 125 107.21
125 124 107.21
126 127 258.93
127 126 258.93
128 129 0.01
129 128 0.01
128 130 50.92
130 128 50.92
129 130 50.92
130 129 50.92
130 131 69.01
131 130 69.01
132 133 84.93
133 132 84.93
132 134 86.69
134 132 86.69
135 136 56.79
136 135 56.79
137 138 43.3
138 137 43.3
138 139 64.71
139 138 64.71
139 140 21.95
140 139 21.95
140 141 77.22
141 140 77.22
140 142 77.22
142 140 77.22
141 142 0.01
142 141 0.01
140 143 78.09
143 140 78.09
144 145 19.56
145 144 19.56
145 146 22.63
146 145 22.63
145 147 41.68
147 145 41.68
144 148 35.65
148 144 35.65
149 150 21.52
150 149 21.52
149 151 30.64
151 149 30.64
152 153 43.9
153 152 43.9
154 155 65.25
155 154 65.25
155 156 33.8
156 155 33.8
155 157 44.22
157 155 44.22
155 158 144.65
158 155 144.65
157 159 26.49
159 157 26.49
159 160 103.35
160 159 103.35
161 162 89.59
162 161 89.59
161 163 54.13
163 161 54.13
158 164 16.98
164 158 16.98
158 165 26.71
165 158 26.71
166 167 0.01
167 166 0.01
166 168 134.33
168 166 134.33
167 168 134.33
168 167 134.33
169 170 35.38
170 169 35.38
74 169 46.39
169 74 46.39
171 172 47.38
172 171 47.38
171 173 656.85
173 171 656.85
174 175 75.85
175 174 75.85
176 177 61.26
177 176 61.26
176 178 395.65
178 176 395.65
176 179 164.54
179 176 164.54
180 181 4.95
181 180 4.95
181 182 141.57
182 181 141.57
183 184 55.7
184 183 55.7
184 185 39.92
185 184 39.92
186 187 25.02
187 186 25.02
186 188 145.79
188 186 145.79
172 173 655.14
173 172 655.14
189 190 5.62
190 189 5.62
191 192 48.7
192 191 48.7
191 193 48.7
193 191 48.7
192 193 0.01
193 192 0.01
194 195 101.61
195 194 101.61
194 196 101.61
196 194 101.61
195 196 0.01
196 195 0.01
197 198 80.21
198 197 80.21
197 199 80.21
199 197 80.21
198 199 0.01
199 198 0.01
200 201 116.67
201 200 116.67
202 203 91.64
203 202 91.64
202 204 91.64
204 202 91.64
203 204 0.01
204 203 0.01
205 206 377.8
206 205 377.8
205 207 377.8
207 205 377.8
206 207 0.01
207 206 0.01
208 209 111.57
209 208 111.57
210 211 13.82
211 210 13.82
212 213 67.77
213 212 67.77
214 215 0.01
215 214 0.01
214 216 30.31
216 214 30.31
215 216 30.31
216 215 30.31
216 217 235.63
217 216 235.63
218 219 48.72
219 218 48.72
220 221 0.01
221 220 0.01
194 220 87.67
220 194 87.67
194 221 87.67
221 194 87.67
222 223 118.83
223 222 118.83
224 225 9.99
225 224 9.99
224 226 25.02
226 224 25.02
227 228 32.23
228 227 32.23
229 230 88.48
230 229 88.48
231 232 0.01
232 231 0.01
231 233 135.75
233 231 135.75
232 233 135.75
233 232 135.75
234 235 41.48
235 234 41.48
29 236 27.9
236 29 27.9
237 238 36.76
238 237 36.76
238 239 37.55
239 238 37.55
238 240 5.53
240 238 5.53
241 242 4.4
242 241 4.4
241 243 31.36
243 241 31.36
244 245 9.25
245 244 9.25
19 244 14.21
244 19 14.21
244 246 49.24
246 244 49.24
244 247 44.31
247 244 44.31
248 249 0.01
249 248 0.01
248 250 132.46
250 248 132.46
248 251 132.46
251 248 132.46
249 250 132.46
250 249 132.46
249 251 132.46
251 249 132.46
250 251 0.01
251 250 0.01
252 253 461.05
253 252 461.05
254 255 50.63
255 254 50.63
256 257 479.82
257 256 479.82
258 259 45.13
259 258 45.13
260 261 47.07
261 260 47.07
261 262 51.03
262 261 51.03
261 263 32.51
263 261 32.51
20 25 30.89
25 20 30.89
21 264 24.66
264 21 24.66
30 265 6.7
265 30 6.7
265 266 32.47
266 265 32.47
267 268 6.09
268 267 6.09
267 269 21.16
269 267 21.16
270 271 56.1
271 270 56.1
270 272 56.1
272 270 56.1
271 272 0.01
272 271 0.01
273 274 0.01
274 273 0.01
273 275 90.04
275 273 90.04
273 276 90.04
276 273 90.04
274 275 90.04
275 274 90.04
274 276 90.04
276 274 90.04
275 276 0.01
276 275 0.01
277 278 2.33
278 277 2.33
277 279 17.26
279 277 17.26
226 280 37.61
280 226 37.61
281 282 34.67
282 281 34.67
281 283 29.94
283 281 29.94
284 285 591.92
285 284 591.92
225 286 13.25
286 225 13.25
280 282 28.63
282 280 28.63
283 287 6.32
287 283 6.32
288 289 18.87
289 288 18.87
289 290 57.15
290 289 57.15
289 291 25.65
291 289 25.65
289 292 25.65
292 289 25.65
291 292 0.01
292 291 0.01
293 294 38.25
294 293 38.25
294 295 131.55
295 294 131.55
296 297 0.01
297 296 0.01
296 298 88.91
298 296 88.91
296 299 88.91
299 296 88.91
297 298 88.91
298 297 88.91
297 299 88.91
299 297 88.91
298 299 0.01
299 298 0.01
300 301 70.23
301 300 70.23
301 302 59.5
302 301 59.5
303 304 65.95
304 303 65.95
304 305 59.53
305 304 59.53
306 307 224.55
307 306 224.55
308 309 0.01
309 308 0.01
308 310 273.45
310 308 273.45
308 311 273.45
311 308 273.45
309 310 273.45
310 309 273.45
309 311 273.45
311 309 273.45
310 311 0.01
311 310 0.01
312 313 116.77
313 312 116.77
312 314 116.77
314 312 116.77
313 314 0.01
314 313 0.01
315 316 35.59
316 315 35.59
317 318 176.47
318 317 176.47
317 319 176.47
319 317 176.47
318 319 0.01
319 318 0.01
317 320 190.51
320 317 190.51
317 321 190.51
321 317 190.51
320 321 0.01
321 320 0.01
322 323 0.01
323 322 0.01
322 324 137.0
324 322 137.0
323 324 137.0
324 323 137.0
325 326 191.75
326 325 191.75
325 327 191.75
327 325 191.75
326 327 0.01
327 326 0.01
40 328 22.6
328 40 22.6
245 329 45.98
329 245 45.98
237 245 43.47
245 237 43.47
247 329 9.51
329 247 9.51
23 247 14.53
247 23 14.53
247 330 47.69
330 247 47.69
331 332 22.06
332 331 22.06
332 333 51.19
333 332 51.19
332 334 43.2
334 332 43.2
28 330 19.43
330 28 19.43
330 331 3.41
331 330 3.41
335 336 0.01
336 335 0.01
335 337 189.32
337 335 189.32
335 338 189.32
338 335 189.32
336 337 189.32
337 336 189.32
336 338 189.32
338 336 189.32
337 338 0.01
338 337 0.01
237 246 23.67
246 237 23.67
237 339 22.21
339 237 22.21
340 341 0.01
341 340 0.01
340 342 20.75
342 340 20.75
341 342 20.75
342 341 20.75
213 342 73.08
342 213 73.08
26 342 66.99
342 26 66.99
343 344 132.58
344 343 132.58
345 346 43.02
346 345 43.02
345 347 20.27
347 345 20.27
348 349 30.02
349 348 30.02
133 137 41.39
137 133 41.39
350 351 44.35
351 350 44.35
351 352 32.1
352 351 32.1
353 354 84.79
354 353 84.79
353 355 0.01
355 353 0.01
354 355 84.79
355 354 84.79
356 357 0.01
357 356 0.01
356 358 120.75
358 356 120.75
356 359 120.75
359 356 120.75
357 358 120.75
358 357 120.75
357 359 120.75
359 357 120.75
358 359 0.01
359 358 0.01
360 361 0.01
361 360 0.01
360 362 0.01
362 360 0.01
360 363 110.46
363 360 110.46
360 364 110.46
364 360 110.46
361 362 0.01
362 361 0.01
361 363 110.46
363 361 110.46
361 364 110.46
364 361 110.46
362 363 110.46
363 362 110.46
362 364 110.46
364 362 110.46
363 364 0.01
364 363 0.01
365 366 41.99
366 365 41.99
367 368 131.11
368 367 131.11
368 369 125.45
369 368 125.45
370 371 127.17
371 370 127.17
370 372 130.88
372 370 130.88
373 374 125.41
374 373 125.41
373 375 129.25
375 373 129.25
376 377 129.32
377 376 129.32
377 378 124.84
378 377 124.84
379 380 279.81
380 379 279.81
381 382 82.27
382 381 82.27
54 381 50.94
381 54 50.94
383 384 45.46
384 383 45.46
384 385 13.66
385 384 13.66
383 386 20.59
386 383 20.59
53 386 51.87
386 53 51.87
387 388 0.01
388 387 0.01
387 389 600.54
389 387 600.54
387 390 600.54
390 387 600.54
388 389 600.54
389 388 600.54
388 390 600.54
390 388 600.54
389 390 0.01
390 389 0.01
391 392 47.51
392 391 47.51
393 394 76.28
394 393 76.28
395 396 75.13
396 395 75.13
397 398 114.93
398 397 114.93
399 400 62.22
400 399 62.22
398 401 225.25
401 398 225.25
402 403 18.85
403 402 18.85
404 405 72.58
405 404 72.58
406 407 29.11
407 406 29.11
406 408 28.88
408 406 28.88
85 406 96.77
406 85 96.77
86 406 96.77
406 86 96.77
407 409 112.12
409 407 112.12
410 411 0.01
411 410 0.01
410 412 121.1
412 410 121.1
411 412 121.1
412 411 121.1
413 414 76.41
414 413 76.41
415 416 14.86
416 415 14.86
417 418 96.62
418 417 96.62
419 420 6.57
420 419 6.57
188 420 11.09
420 188 11.09
419 421 20.41
421 419 20.41
422 423 66.62
423 422 66.62
422 424 38.42
424 422 38.42
425 426 7.25
426 425 7.25
426 427 34.21
427 426 34.21
350 428 4.52
428 350 4.52
425 428 45.23
428 425 45.23
429 430 16.4
430 429 16.4
347 430 5.15
430 347 5.15
431 432 443.84
432 431 443.84
431 433 443.84
433 431 443.84
432 433 0.01
433 432 0.01
434 435 5.01
435 434 5.01
436 437 0.01
437 436 0.01
436 438 97.51
438 436 97.51
436 439 97.51
439 436 97.51
437 438 97.51
438 437 97.51
437 439 97.51
439 437 97.51
438 439 0.01
439 438 0.01
440 441 93.39
441 440 93.39
442 443 145.7
443 442 145.7
444 445 101.34
445 444 101.34
444 446 101.34
446 444 101.34
445 446 0.01
446 445 0.01
447 448 3.15
448 447 3.15
449 450 32.54
450 449 32.54
450 451 68.89
451 450 68.89
452 453 75.28
453 452 75.28
454 455 31.83
455 454 31.83
454 456 27.38
456 454 27.38
457 458 127.6
458 457 127.6
457 459 25.35
459 457 25.35
460 461 0.01
461 460 0.01
460 462 91.01
462 460 91.01
461 462 91.01
462 461 91.01
463 464 0.01
464 463 0.01
463 465 131.05
465 463 131.05
464 465 131.05
465 464 131.05
465 466 136.79
466 465 136.79
465 467 136.05
467 465 136.05
465 468 138.26
468 465 138.26
466 469 137.53
469 466 137.53
466 470 137.53
470 466 137.53
469 470 0.01
470 469 0.01
471 472 200.34
472 471 200.34
471 473 200.34
473 471 200.34
472 473 0.01
473 472 0.01
474 475 124.92
475 474 124.92
474 476 56.28
476 474 56.28
324 477 157.39
477 324 157.39
324 478 157.39
478 324 157.39
477 478 0.01
478 477 0.01
479 480 86.49
480 479 86.49
479 481 17.89
481 479 17.89
443 482 82.83
482 443 82.83
443 483 453.49
483 443 453.49
484 485 35.41
485 484 35.41
485 486 94.46
486 485 94.46
487 488 19.96
488 487 19.96
489 490 0.01
490 489 0.01
487 489 96.74
489 487 96.74
487 490 96.74
490 487 96.74
491 492 57.17
492 491 57.17
491 493 57.17
493 491 57.17
492 493 0.01
493 492 0.01
494 495 216.43
495 494 216.43
496 497 0.01
497 496 0.01
496 498 112.44
498 496 112.44
497 498 112.44
498 497 112.44
499 500 91.16
500 499 91.16
501 502 0.01
502 501 0.01
501 503 112.25
503 501 112.25
502 503 112.25
503 502 112.25
504 505 0.01
505 504 0.01
504 506 112.21
506 504 112.21
505 506 112.21
506 505 112.21
507 508 0.01
508 507 0.01
507 509 107.64
509 507 107.64
508 509 107.64
509 508 107.64
510 511 112.82
511 510 112.82
510 512 112.82
512 510 112.82
511 512 0.01
512 511 0.01
513 514 0.01
514 513 0.01
513 515 111.99
515 513 111.99
514 515 111.99
515 514 111.99
516 517 0.01
517 516 0.01
516 518 111.92
518 516 111.92
517 518 111.92
518 517 111.92
519 520 0.01
520 519 0.01
519 521 111.89
521 519 111.89
520 521 111.89
521 520 111.89
522 523 36.09
523 522 36.09
522 524 54.06
524 522 54.06
525 526 59.25
526 525 59.25
527 528 37.92
528 527 37.92
527 529 120.09
529 527 120.09
530 531 68.68
531 530 68.68
530 532 61.92
532 530 61.92
533 534 64.66
534 533 64.66
535 536 135.79
536 535 135.79
537 538 35.37
538 537 35.37
537 539 60.18
539 537 60.18
537 540 66.14
540 537 66.14
537 541 67.76
541 537 67.76
542 543 60.0
543 542 60.0
542 544 9.01
544 542 9.01
542 545 67.39
545 542 67.39
546 547 185.98
547 546 185.98
535 548 32.91
548 535 32.91
549 550 30.77
550 549 30.77
551 552 98.85
552 551 98.85
540 553 67.78
553 540 67.78
545 554 59.94
554 545 59.94
545 555 60.06
555 545 60.06
556 557 56.22
557 556 56.22
553 556 63.33
556 553 63.33
528 558 18.81
558 528 18.81
528 559 33.53
559 528 33.53
560 561 0.01
561 560 0.01
560 562 128.4
562 560 128.4
561 562 128.4
562 561 128.4
563 564 0.01
564 563 0.01
563 565 88.84
565 563 88.84
563 566 88.84
566 563 88.84
564 565 88.84
565 564 88.84
564 566 88.84
566 564 88.84
565 566 0.01
566 565 0.01
567 568 6.13
568 567 6.13
305 568 26.56
568 305 26.56
569 570 53.36
570 569 53.36
567 570 35.27
570 567 35.27
571 572 71.82
572 571 71.82
573 574 0.01
574 573 0.01
573 575 89.12
575 573 89.12
573 576 89.12
576 573 89.12
574 575 89.12
575 574 89.12
574 576 89.12
576 574 89.12
575 576 0.01
576 575 0.01
577 578 135.34
578 577 135.34
577 579 119.65
579 577 119.65
580 581 35.31
581 580 35.31
581 582 36.57
582 581 36.57
583 584 62.1
584 583 62.1
585 586 38.59
586 585 38.59
586 587 66.0
587 586 66.0
586 588 65.92
588 586 65.92
587 589 37.38
589 587 37.38
525 587 65.42
587 525 65.42
525 590 36.15
590 525 36.15
588 591 37.97
591 588 37.97
201 588 64.72
588 201 64.72
201 592 37.34
592 201 37.34
593 594 257.08
594 593 257.08
595 596 86.46
596 595 86.46
597 598 204.47
598 597 204.47
599 600 0.01
600 599 0.01
599 601 142.1
601 599 142.1
599 602 142.1
602 599 142.1
600 601 142.1
601 600 142.1
600 602 142.1
602 600 142.1
601 602 0.01
602 601 0.01
288 603 2.22
603 288 2.22
604 605 85.49
605 604 85.49
606 607 0.01
607 606 0.01
606 608 482.19
608 606 482.19
606 609 482.19
609 606 482.19
607 608 482.19
608 607 482.19
607 609 482.19
609 607 482.19
608 609 0.01
609 608 0.01
610 611 10.05
611 610 10.05
612 613 299.74
613 612 299.74
614 615 0.01
615 614 0.01
614 616 717.79
616 614 717.79
615 616 717.79
616 615 717.79
617 618 0.01
618 617 0.01
617 619 89.44
619 617 89.44
617 620 89.44
620 617 89.44
618 619 89.44
619 618 89.44
618 620 89.44
620 618 89.44
619 620 0.01
620 619 0.01
621 622 0.01
622 621 0.01
621 623 114.7
623 621 114.7
622 623 114.7
623 622 114.7
376 624 5.26
624 376 5.26
624 625 134.85
625 624 134.85
626 627 103.73
627 626 103.73
628 629 23.43
629 628 23.43
629 630 38.15
630 629 38.15
178 631 121.72
631 178 121.72
178 632 161.7
632 178 161.7
633 634 137.43
634 633 137.43
635 636 137.34
636 635 137.34
637 638 119.05
638 637 119.05
639 640 103.29
640 639 103.29
639 641 103.29
641 639 103.29
640 641 0.01
641 640 0.01
642 643 77.83
643 642 77.83
644 645 104.3
645 644 104.3
646 647 64.74
647 646 64.74
646 648 83.7
648 646 83.7
649 650 170.08
650 649 170.08
593 651 115.77
651 593 115.77
652 653 13.81
653 652 13.81
654 655 404.49
655 654 404.49
183 187 8.36
187 183 8.36
352 656 17.87
656 352 17.87
657 658 165.93
658 657 165.93
657 659 165.93
659 657 165.93
658 659 0.01
659 658 0.01
660 661 32.51
661 660 32.51
661 662 68.57
662 661 68.57
661 663 56.24
663 661 56.24
663 664 73.57
664 663 73.57
663 665 69.83
665 663 69.83
666 667 0.01
667 666 0.01
666 668 177.33
668 666 177.33
667 668 177.33
668 667 177.33
669 670 223.48
670 669 223.48
671 672 84.13
672 671 84.13
303 672 131.07
672 303 131.07
672 673 60.26
673 672 60.26
672 674 70.52
674 672 70.52
675 676 127.65
676 675 127.65
673 675 63.36
675 673 63.36
677 678 0.01
678 677 0.01
677 679 176.97
679 677 176.97
678 679 176.97
679 678 176.97
680 681 0.01
681 680 0.01
676 680 74.65
680 676 74.65
676 681 74.65
681 676 74.65
682 683 53.13
683 682 53.13
682 684 53.13
684 682 53.13
683 684 0.01
684 683 0.01
682 685 43.89
685 682 43.89
685 686 62.45
686 685 62.45
687 688 164.82
688 687 164.82
689 690 116.64
690 689 116.64
53 54 122.97
54 53 122.97
54 691 123.22
691 54 123.22
382 638 131.09
638 382 131.09
636 692 131.03
692 636 131.03
692 693 127.79
693 692 127.79
693 694 133.7
694 693 133.7
693 695 122.67
695 693 122.67
696 697 0.01
697 696 0.01
693 696 89.64
696 693 89.64
693 697 89.64
697 693 89.64
698 699 128.76
699 698 128.76
698 700 128.76
700 698 128.76
699 700 0.01
700 699 0.01
701 702 0.01
702 701 0.01
53 701 145.47
701 53 145.47
53 702 145.47
702 53 145.47
385 703 131.44
703 385 131.44
639 703 132.12
703 639 132.12
639 704 121.29
704 639 121.29
639 705 121.29
705 639 121.29
704 705 0.01
705 704 0.01
639 706 128.83
706 639 128.83
706 707 133.26
707 706 133.26
706 708 133.26
708 706 133.26
707 708 0.01
708 707 0.01
709 710 0.01
710 709 0.01
305 709 52.8
709 305 52.8
305 710 52.8
710 305 52.8
711 712 96.87
712 711 96.87
711 713 35.55
713 711 35.55
713 714 123.97
714 713 123.97
713 715 124.7
715 713 124.7
671 713 46.76
713 671 46.76
716 717 133.53
717 716 133.53
717 718 131.25
718 717 131.25
367 579 135.09
579 367 135.09
324 719 31.77
719 324 31.77
324 720 31.77
720 324 31.77
719 720 0.01
720 719 0.01
721 722 62.19
722 721 62.19
721 723 71.53
723 721 71.53
722 724 62.68
724 722 62.68
724 725 79.15
725 724 79.15
726 727 347.02
727 726 347.02
723 728 62.91
728 723 62.91
729 730 147.07
730 729 147.07
731 732 47.24
732 731 47.24
733 734 62.38
734 733 62.38
734 735 128.43
735 734 128.43
736 737 55.18
737 736 55.18
736 738 130.79
738 736 130.79
738 739 129.88
739 738 129.88
739 740 134.84
740 739 134.84
740 741 128.14
741 740 128.14
741 742 65.01
742 741 65.01
350 743 51.57
743 350 51.57
350 744 51.57
744 350 51.57
743 744 0.0
744 743 0.0
745 746 105.76
746 745 105.76
747 748 23.4
748 747 23.4
749 750 39.77
750 749 39.77
750 751 33.68
751 750 33.68
750 752 31.77
752 750 31.77
750 753 29.71
753 750 29.71
754 755 65.62
755 754 65.62
754 756 27.16
756 754 27.16
754 757 62.18
757 754 62.18
749 754 26.16
754 749 26.16
758 759 38.31
759 758 38.31
758 760 44.4
760 758 44.4
758 761 34.3
761 758 34.3
752 759 65.63
759 752 65.63
752 762 4.79
762 752 4.79
763 764 33.66
764 763 33.66
761 763 134.05
763 761 134.05
762 765 62.51
765 762 62.51
766 767 0.01
767 766 0.01
766 768 78.57
768 766 78.57
767 768 78.57
768 767 78.57
769 770 73.68
770 769 73.68
769 771 73.68
771 769 73.68
770 771 0.01
771 770 0.01
772 773 140.67
773 772 140.67
94 774 110.44
774 94 110.44
775 776 88.84
776 775 88.84
777 778 40.54
778 777 40.54
480 779 43.63
779 480 43.63
480 777 7.96
777 480 7.96
165 780 123.34
780 165 123.34
781 782 0.01
782 781 0.01
780 781 37.79
781 780 37.79
780 782 37.79
782 780 37.79
780 783 144.29
783 780 144.29
780 784 144.29
784 780 144.29
783 784 0.01
784 783 0.01
785 786 152.86
786 785 152.86
786 787 39.33
787 786 39.33
786 788 176.37
788 786 176.37
785 789 145.56
789 785 145.56
789 790 37.76
790 789 37.76
789 791 37.76
791 789 37.76
790 791 0.01
791 790 0.01
789 792 169.82
792 789 169.82
789 793 169.82
793 789 169.82
792 793 0.01
793 792 0.01
794 795 59.32
795 794 59.32
796 797 31.87
797 796 31.87
796 798 131.22
798 796 131.22
799 800 33.54
800 799 33.54
800 801 138.83
801 800 138.83
755 801 26.96
801 755 26.96
801 802 29.82
802 801 29.82
798 799 33.41
799 798 33.41
541 755 25.55
755 541 25.55
803 804 60.71
804 803 60.71
805 806 70.74
806 805 70.74
806 807 125.3
807 806 125.3
803 806 108.71
806 803 108.71
803 807 61.44
807 803 61.44
803 808 62.92
808 803 62.92
807 809 60.77
809 807 60.77
553 810 96.63
810 553 96.63
811 812 182.27
812 811 182.27
813 814 62.37
814 813 62.37
814 815 107.52
815 814 107.52
814 816 236.39
816 814 236.39
817 818 40.62
818 817 40.62
423 427 9.26
427 423 9.26
427 819 36.81
819 427 36.81
664 820 52.7
820 664 52.7
421 656 6.93
656 421 6.93
423 821 31.66
821 423 31.66
822 823 98.81
823 822 98.81
751 823 101.12
823 751 101.12
824 825 75.45
825 824 75.45
764 826 29.13
826 764 29.13
825 827 68.89
827 825 68.89
756 828 64.68
828 756 64.68
756 759 4.24
759 756 4.24
749 802 36.25
802 749 36.25
829 830 63.09
830 829 63.09
725 802 31.94
802 725 31.94
731 831 15.26
831 731 15.26
832 833 17.44
833 832 17.44
831 833 29.12
833 831 29.12
834 835 137.31
835 834 137.31
836 837 59.62
837 836 59.62
836 838 59.62
838 836 59.62
837 838 0.01
838 837 0.01
839 840 107.6
840 839 107.6
841 842 69.61
842 841 69.61
843 844 31.88
844 843 31.88
843 845 50.01
845 843 50.01
843 846 15.8
846 843 15.8
847 848 16.06
848 847 16.06
849 850 101.16
850 849 101.16
851 852 51.32
852 851 51.32
853 854 195.77
854 853 195.77
549 855 132.74
855 549 132.74
856 857 81.73
857 856 81.73
219 484 24.7
484 219 24.7
484 858 47.91
858 484 47.91
859 860 0.01
860 859 0.01
219 859 53.85
859 219 53.85
219 860 53.85
860 219 53.85
219 858 45.44
858 219 45.44
219 861 22.82
861 219 22.82
861 862 26.86
862 861 26.86
861 863 23.3
863 861 23.3
862 863 31.14
863 862 31.14
858 863 23.57
863 858 23.57
858 864 105.56
864 858 105.56
858 865 105.56
865 858 105.56
864 865 0.01
865 864 0.01
123 255 57.34
255 123 57.34
866 867 0.01
867 866 0.01
866 868 90.03
868 866 90.03
866 869 90.03
869 866 90.03
867 868 90.03
868 867 90.03
867 869 90.03
869 867 90.03
868 869 0.01
869 868 0.01
870 871 0.01
871 870 0.01
870 872 128.11
872 870 128.11
870 873 128.11
873 870 128.11
871 872 128.11
872 871 128.11
871 873 128.11
873 871 128.11
872 873 0.01
873 872 0.01
874 875 0.01
875 874 0.01
874 876 90.38
876 874 90.38
874 877 90.38
877 874 90.38
875 876 90.38
876 875 90.38
875 877 90.38
877 875 90.38
876 877 0.01
877 876 0.01
878 879 0.01
879 878 0.01
878 880 93.47
880 878 93.47
878 881 93.47
881 878 93.47
879 880 93.47
880 879 93.47
879 881 93.47
881 879 93.47
880 881 0.01
881 880 0.01
882 883 1.24
883 882 1.24
884 885 103.93
885 884 103.93
886 887 69.37
887 886 69.37
888 889 595.18
889 888 595.18
890 891 0.01
891 890 0.01
890 892 118.87
892 890 118.87
891 892 118.87
892 891 118.87
146 893 46.45
893 146 46.45
143 893 34.87
893 143 34.87
143 146 81.98
146 143 81.98
894 895 515.95
895 894 515.95
896 897 215.8
897 896 215.8
897 898 43.11
898 897 43.11
897 899 287.74
899 897 287.74
900 901 117.51
901 900 117.51
900 902 120.96
902 900 120.96
903 904 120.01
904 903 120.01
903 905 5.65
905 903 5.65
156 163 29.97
163 156 29.97
906 907 19.45
907 906 19.45
268 906 12.03
906 268 12.03
845 907 31.85
907 845 31.85
908 909 279.62
909 908 279.62
910 911 116.07
911 910 116.07
912 913 0.01
913 912 0.01
912 914 124.6
914 912 124.6
912 915 124.6
915 912 124.6
913 914 124.6
914 913 124.6
913 915 124.6
915 913 124.6
914 915 0.01
915 914 0.01
916 917 0.01
917 916 0.01
916 918 140.64
918 916 140.64
916 919 140.64
919 916 140.64
917 918 140.64
918 917 140.64
917 919 140.64
919 917 140.64
918 919 0.01
919 918 0.01
920 921 0.01
921 920 0.01
920 922 97.15
922 920 97.15
920 923 97.15
923 920 97.15
921 922 97.15
922 921 97.15
921 923 97.15
923 921 97.15
922 923 0.01
923 922 0.01
278 287 28.15
287 278 28.15
136 346 36.75
346 136 36.75
924 925 74.02
925 924 74.02
924 926 53.39
926 924 53.39
925 927 62.42
927 925 62.42
928 929 99.67
929 928 99.67
263 930 61.21
930 263 61.21
930 931 52.36
931 930 52.36
262 930 29.41
930 262 29.41
258 932 30.52
932 258 30.52
258 933 54.81
933 258 54.81
258 260 39.92
260 258 39.92
459 926 27.4
926 459 27.4
926 934 39.38
934 926 39.38
260 932 24.03
932 260 24.03
932 935 48.78
935 932 48.78
262 932 39.06
932 262 39.06
262 936 50.99
936 262 50.99
934 937 38.26
937 934 38.26
929 934 90.03
934 929 90.03
938 939 231.57
939 938 231.57
940 941 73.79
941 940 73.79
942 943 64.1
943 942 64.1
944 945 15.54
945 944 15.54
945 946 36.75
946 945 36.75
946 947 63.27
947 946 63.27
948 949 212.27
949 948 212.27
584 950 43.72
950 584 43.72
950 951 61.54
951 950 61.54
952 953 43.69
953 952 43.69
953 954 70.41
954 953 70.41
952 955 62.29
955 952 62.29
956 957 130.54
957 956 130.54
958 959 112.89
959 958 112.89
937 960 49.8
960 937 49.8
937 961 79.16
961 937 79.16
961 962 139.79
962 961 139.79
63 963 130.03
963 63 130.03
963 964 35.86
964 963 35.86
965 966 36.79
966 965 36.79
965 967 29.16
967 965 29.16
119 968 95.58
968 119 95.58
120 968 95.58
968 120 95.58
969 970 0.01
970 969 0.01
969 971 90.69
971 969 90.69
969 972 90.69
972 969 90.69
970 971 90.69
971 970 90.69
970 972 90.69
972 970 90.69
971 972 0.01
972 971 0.01
973 974 624.68
974 973 624.68
975 976 654.93
976 975 654.93
975 977 654.93
977 975 654.93
976 977 0.01
977 976 0.01
978 979 0.01
979 978 0.01
978 980 104.9
980 978 104.9
979 980 104.9
980 979 104.9
269 848 12.77
848 269 12.77
268 981 19.51
981 268 19.51
982 983 8.96
983 982 8.96
982 984 42.95
984 982 42.95
982 985 42.95
985 982 42.95
984 985 0.01
985 984 0.01
982 986 100.09
986 982 100.09
264 266 6.13
266 264 6.13
987 988 0.01
988 987 0.01
987 989 184.09
989 987 184.09
988 989 184.09
989 988 184.09
331 990 99.11
990 331 99.11
136 603 34.37
603 136 34.37
991 992 117.59
992 991 117.59
857 991 107.68
991 857 107.68
12 993 15.14
993 12 15.14
13 993 15.14
993 13 15.14
993 994 129.99
994 993 129.99
995 996 58.1
996 995 58.1
995 997 58.1
997 995 58.1
996 997 0.01
997 996 0.01
836 995 8.83
995 836 8.83
998 999 0.01
999 998 0.01
998 1000 77.46
1000 998 77.46
999 1000 77.46
1000 999 77.46
1000 1001 11.51
1001 1000 11.51
1002 1003 0.01
1003 1002 0.01
1001 1002 57.54
1002 1001 57.54
1001 1003 57.54
1003 1001 57.54
1004 1005 41.59
1005 1004 41.59
1006 1007 224.96
1007 1006 224.96
279 290 26.03
290 279 26.03
1008 1009 279.36
1009 1008 279.36
1010 1011 91.73
1011 1010 91.73
1012 1013 19.77
1013 1012 19.77
1014 1015 79.64
1015 1014 79.64
1016 1017 42.41
1017 1016 42.41
1018 1019 23.32
1019 1018 23.32
1018 1020 23.3
1020 1018 23.3
1018 1021 39.37
1021 1018 39.37
1022 1023 0.01
1023 1022 0.01
1022 1024 89.41
1024 1022 89.41
1023 1024 89.41
1024 1023 89.41
1024 1025 42.09
1025 1024 42.09
538 559 30.45
559 538 30.45
538 1026 61.57
1026 538 61.57
538 1027 99.4
1027 538 99.4
539 1028 169.5
1028 539 169.5
1028 1029 36.88
1029 1028 36.88
1026 1030 169.71
1030 1026 169.71
1031 1032 169.33
1032 1031 169.33
1032 1033 14.07
1033 1032 14.07
1030 1034 74.82
1034 1030 74.82
1034 1035 36.74
1035 1034 36.74
1034 1036 47.81
1036 1034 47.81
1029 1033 38.57
1033 1029 38.57
1029 1036 8.38
1036 1029 8.38
1037 1038 170.44
1038 1037 170.44
1036 1039 40.49
1039 1036 40.49
1037 1040 111.84
1040 1037 111.84
1033 1041 23.94
1041 1033 23.94
813 1042 64.96
1042 813 64.96
1039 1043 50.65
1043 1039 50.65
1033 1039 6.22
1039 1033 6.22
805 813 73.12
813 805 73.12
1044 1045 100.77
1045 1044 100.77
1045 1046 63.52
1046 1045 63.52
1047 1048 71.58
1048 1047 71.58
1049 1050 56.91
1050 1049 56.91
716 1049 59.33
1049 716 59.33
1051 1052 118.73
1052 1051 118.73
1051 1053 118.73
1053 1051 118.73
1052 1053 0.01
1053 1052 0.01
652 1054 5.32
1054 652 5.32
1054 1055 34.23
1055 1054 34.23
180 1056 42.52
1056 180 42.52
1050 1057 12.0
1057 1050 12.0
1058 1059 65.62
1059 1058 65.62
1060 1061 8.71
1061 1060 8.71
1062 1063 19.56
1063 1062 19.56
1064 1065 137.39
1065 1064 137.39
1019 1021 22.87
1021 1019 22.87
1066 1067 166.04
1067 1066 166.04
263 1067 67.68
1067 263 67.68
1068 1069 0.0
1069 1068 0.0
1068 1070 157.02
1070 1068 157.02
1069 1070 157.02
1070 1069 157.02
1071 1072 0.01
1072 1071 0.01
1071 1073 67.55
1073 1071 67.55
1071 1074 67.55
1074 1071 67.55
1072 1073 67.55
1073 1072 67.55
1072 1074 67.55
1074 1072 67.55
1073 1074 0.0
1074 1073 0.0
994 1075 139.8
1075 994 139.8
1076 1077 67.41
1077 1076 67.41
1078 1079 140.89
1079 1078 140.89
1080 1081 119.89
1081 1080 119.89
1082 1083 12.91
1083 1082 12.91
1084 1085 101.58
1085 1084 101.58
1084 1086 101.58
1086 1084 101.58
1085 1086 0.01
1086 1085 0.01
1087 1088 140.25
1088 1087 140.25
1089 1090 0.01
1090 1089 0.01
1087 1089 141.86
1089 1087 141.86
1087 1090 141.86
1090 1087 141.86
1091 1092 0.01
1092 1091 0.01
1084 1091 108.36
1091 1084 108.36
1084 1092 108.36
1092 1084 108.36
1093 1094 0.01
1094 1093 0.01
1093 1095 123.9
1095 1093 123.9
1094 1095 123.9
1095 1094 123.9
572 1096 41.22
1096 572 41.22
333 1097 13.25
1097 333 13.25
243 1098 39.0
1098 243 39.0
243 1099 26.29
1099 243 26.29
1100 1101 38.4
1101 1100 38.4
1102 1103 38.44
1103 1102 38.44
1104 1105 34.57
1105 1104 34.57
1101 1106 35.46
1106 1101 35.46
1101 1103 13.48
1103 1101 13.48
1101 1105 13.68
1105 1101 13.68
316 1105 13.92
1105 316 13.92
1105 1107 30.52
1107 1105 30.52
1103 1108 34.36
1108 1103 34.36
133 348 49.73
348 133 49.73
316 1103 13.65
1103 316 13.65
316 1109 30.65
1109 316 30.65
339 1098 15.56
1098 339 15.56
348 429 28.49
429 348 28.49
348 990 19.17
990 348 19.17
1110 1111 27.68
1111 1110 27.68
1112 1113 0.01
1113 1112 0.01
1112 1114 93.11
1114 1112 93.11
1112 1115 93.11
1115 1112 93.11
1113 1114 93.11
1114 1113 93.11
1113 1115 93.11
1115 1113 93.11
1114 1115 0.01
1115 1114 0.01
1116 1117 17.36
1117 1116 17.36
1118 1119 103.89
1119 1118 103.89
1120 1121 135.65
1121 1120 135.65
718 1120 118.68
1120 718 118.68
1122 1123 37.29
1123 1122 37.29
1122 1124 37.29
1124 1122 37.29
1123 1124 0.01
1124 1123 0.01
1125 1126 0.01
1126 1125 0.01
61 378 132.47
378 61 132.47
61 1127 123.93
1127 61 123.93
61 1128 131.78
1128 61 131.78
1128 1129 130.12
1129 1128 130.12
374 1128 132.09
1128 374 132.09
1128 1130 121.19
1130 1128 121.19
466 625 128.93
625 466 128.93
1131 1132 0.01
1132 1131 0.01
466 1131 146.99
1131 466 146.99
466 1132 146.99
1132 466 146.99
1133 1134 0.01
1134 1133 0.01
1070 1133 142.75
1133 1070 142.75
1070 1134 142.75
1134 1070 142.75
375 468 143.96
468 375 143.96
372 1135 139.67
1135 372 139.67
467 1135 137.72
1135 467 137.72
371 1129 131.83
1129 371 131.83
1129 1136 119.42
1136 1129 119.42
1129 1137 67.88
1137 1129 67.88
1136 1138 140.58
1138 1136 140.58
712 1130 139.1
1130 712 139.1
712 1138 131.17
1138 712 131.17
712 1139 130.95
1139 712 130.95
1138 1140 130.69
1140 1138 130.69
674 1138 61.36
1138 674 61.36
1121 1140 126.89
1140 1121 126.89
1140 1141 95.29
1141 1140 95.29
1140 1142 64.03
1142 1140 64.03
300 1121 131.09
1121 300 131.09
578 1121 126.6
1121 578 126.6
1143 1144 132.5
1144 1143 132.5
1143 1145 120.19
1145 1143 120.19
718 1143 123.72
1143 718 123.72
1137 1143 64.19
1143 1137 64.19
46 579 124.83
579 46 124.83
579 718 128.06
718 579 128.06
1146 1147 46.31
1147 1146 46.31
57 578 129.15
578 57 129.15
578 1148 129.48
1148 578 129.48
300 303 128.55
303 300 128.55
300 1148 127.92
1148 300 127.92
1149 1150 0.01
1150 1149 0.01
302 1149 137.54
1149 302 137.54
302 1150 137.54
1150 302 137.54
302 1095 128.24
1095 302 128.24
302 305 128.55
305 302 128.55
1095 1119 126.15
1119 1095 126.15
1095 1148 129.54
1148 1095 129.54
1119 1151 54.41
1151 1119 54.41
1119 1152 54.41
1152 1119 54.41
1151 1152 0.01
1152 1151 0.01
270 1119 128.31
1119 270 128.31
57 1153 132.18
1153 57 132.18
57 270 130.44
270 57 130.44
46 1153 121.69
1153 46 121.69
691 1154 69.96
1154 691 69.96
303 1142 68.59
1142 303 68.59
714 1155 127.16
1155 714 127.16
715 1156 126.95
1156 715 126.95
1156 1157 126.37
1157 1156 126.37
715 1139 130.89
1139 715 130.89
1127 1139 140.53
1139 1127 140.53
1154 1157 65.79
1157 1154 65.79
1158 1159 0.01
1159 1158 0.01
1155 1158 58.82
1158 1155 58.82
1155 1159 58.82
1159 1155 58.82
1160 1161 62.12
1161 1160 62.12
1161 1162 148.1
1162 1161 148.1
1163 1164 174.43
1164 1163 174.43
1165 1166 176.09
1166 1165 176.09
633 1167 65.1
1167 633 65.1
1145 1168 33.21
1168 1145 33.21
1167 1169 62.78
1169 1167 62.78
569 1169 6.68
1169 569 6.68
1170 1171 3.17
1171 1170 3.17
1172 1173 11.28
1173 1172 11.28
1174 1175 0.01
1175 1174 0.01
1174 1176 652.59
1176 1174 652.59
1175 1176 652.59
1176 1175 652.59
1176 1177 1277.72
1177 1176 1277.72
467 1178 68.92
1178 467 68.92
1178 1179 21.53
1179 1178 21.53
1060 1180 50.36
1180 1060 50.36
1063 1181 45.09
1181 1063 45.09
1180 1181 17.36
1181 1180 17.36
24 30 24.03
30 24 24.03
30 1182 58.52
1182 30 58.52
264 1183 65.79
1183 264 65.79
246 1183 95.51
1183 246 95.51
983 1183 30.97
1183 983 30.97
19 23 44.49
23 19 44.49
1182 1184 22.55
1184 1182 22.55
26 1182 54.19
1182 26 54.19
1185 1186 34.53
1186 1185 34.53
1186 1187 45.56
1187 1186 45.56
239 1186 68.79
1186 239 68.79
983 1185 112.99
1185 983 112.99
213 1184 88.74
1184 213 88.74
213 986 49.01
986 213 49.01
983 1188 69.12
1188 983 69.12
1184 1188 23.92
1188 1184 23.92
264 1188 54.83
1188 264 54.83
1189 1190 20.43
1190 1189 20.43
1189 1191 20.43
1191 1189 20.43
1190 1191 0.01
1191 1190 0.01
1192 1193 29.82
1193 1192 29.82
1194 1195 141.28
1195 1194 141.28
1194 1196 141.28
1196 1194 141.28
1195 1196 0.01
1196 1195 0.01
324 1194 132.12
1194 324 132.12
1197 1198 72.55
1198 1197 72.55
1193 1199 27.38
1199 1193 27.38
1 1200 57.2
1200 1 57.2
1 901 14.89
901 1 14.89
1201 1202 135.93
1202 1201 135.93
1202 1203 67.82
1203 1202 67.82
1197 1204 49.85
1204 1197 49.85
1205 1206 21.31
1206 1205 21.31
1205 1207 21.31
1207 1205 21.31
1206 1207 0.0
1207 1206 0.0
1205 1208 42.98
1208 1205 42.98
1209 1210 27.08
1210 1209 27.08
1209 1211 24.27
1211 1209 24.27
1209 1212 120.55
1212 1209 120.55
1213 1214 23.55
1214 1213 23.55
1213 1215 24.82
1215 1213 24.82
1213 1216 50.65
1216 1213 50.65
1210 1214 24.12
1214 1210 24.12
1210 1215 23.88
1215 1210 23.88
1217 1218 10.68
1218 1217 10.68
694 1219 140.11
1219 694 140.11
694 1220 140.11
1220 694 140.11
1219 1220 0.01
1220 1219 0.01
1214 1216 27.14
1216 1214 27.14
1221 1222 258.64
1222 1221 258.64
1223 1224 46.32
1224 1223 46.32
1211 1215 26.84
1215 1211 26.84
1216 1225 20.14
1225 1216 20.14
1226 1227 64.34
1227 1226 64.34
1228 1229 69.52
1229 1228 69.52
1228 1230 31.5
1230 1228 31.5
1226 1230 34.55
1230 1226 34.55
1201 1231 132.38
1231 1201 132.38
1232 1233 0.01
1233 1232 0.01
1232 1234 109.35
1234 1232 109.35
1233 1234 109.35
1234 1233 109.35
1235 1236 116.91
1236 1235 116.91
1237 1238 17.62
1238 1237 17.62
1239 1240 283.18
1240 1239 283.18
1241 1242 0.01
1242 1241 0.01
628 1241 85.23
1241 628 85.23
628 1242 85.23
1242 628 85.23
1243 1244 52.01
1244 1243 52.01
1245 1246 65.86
1246 1245 65.86
1247 1248 48.52
1248 1247 48.52
1144 1249 130.94
1249 1144 130.94
1250 1251 0.01
1251 1250 0.01
1250 1252 523.31
1252 1250 523.31
1250 1253 523.31
1253 1250 523.31
1251 1252 523.31
1252 1251 523.31
1251 1253 523.31
1253 1251 523.31
1252 1253 0.01
1253 1252 0.01
1254 1255 218.39
1255 1254 218.39
747 1256 7.01
1256 747 7.01
1257 1258 75.97
1258 1257 75.97
82 1258 36.53
1258 82 36.53
1259 1260 173.28
1260 1259 173.28
1261 1262 94.51
1262 1261 94.51
1116 1263 7.75
1263 1116 7.75
1264 1265 0.01
1265 1264 0.01
966 1264 62.42
1264 966 62.42
966 1265 62.42
1265 966 62.42
845 981 15.35
981 845 15.35
3 1266 109.27
1266 3 109.27
3 1267 32.35
1267 3 32.35
467 1268 34.88
1268 467 34.88
88 1269 82.66
1269 88 82.66
1269 1270 116.54
1270 1269 116.54
96 360 129.04
360 96 129.04
96 361 129.04
361 96 129.04
96 362 129.04
362 96 129.04
88 1271 36.12
1271 88 36.12
88 1272 36.12
1272 88 36.12
1271 1272 0.01
1272 1271 0.01
87 1273 119.5
1273 87 119.5
1274 1275 19.68
1275 1274 19.68
1274 1276 96.06
1276 1274 96.06
1277 1278 455.92
1278 1277 455.92
1278 1279 108.37
1279 1278 108.37
1280 1281 175.44
1281 1280 175.44
1282 1283 32.59
1283 1282 32.59
1282 1284 37.21
1284 1282 37.21
1285 1286 28.2
1286 1285 28.2
1284 1286 66.2
1286 1284 66.2
1287 1288 30.51
1288 1287 30.51
1287 1289 32.98
1289 1287 32.98
1290 1291 69.26
1291 1290 69.26
1288 1290 65.75
1290 1288 65.75
1292 1293 43.11
1293 1292 43.11
1294 1295 97.28
1295 1294 97.28
1296 1297 54.6
1297 1296 54.6
1298 1299 14.15
1299 1298 14.15
1300 1301 63.59
1301 1300 63.59
1302 1303 14.56
1303 1302 14.56
1304 1305 148.0
1305 1304 148.0
1304 1306 148.0
1306 1304 148.0
1305 1306 0.01
1306 1305 0.01
1307 1308 0.01
1308 1307 0.01
1307 1309 49.87
1309 1307 49.87
1307 1310 49.87
1310 1307 49.87
1308 1309 49.87
1309 1308 49.87
1308 1310 49.87
1310 1308 49.87
1309 1310 0.01
1310 1309 0.01
1311 1312 0.01
1312 1311 0.01
1311 1313 0.99
1313 1311 0.99
1312 1313 0.99
1313 1312 0.99
63 715 85.15
715 63 85.15
844 1020 9.73
1020 844 9.73
795 1147 26.57
1147 795 26.57
1314 1315 138.58
1315 1314 138.58
185 817 19.83
817 185 19.83
1316 1317 116.5
1317 1316 116.5
1318 1319 0.01
1319 1318 0.01
1318 1320 80.61
1320 1318 80.61
1319 1320 80.61
1320 1319 80.61
1321 1322 117.9
1322 1321 117.9
1323 1324 235.42
1324 1323 235.42
1325 1326 473.66
1326 1325 473.66
1326 1327 79.69
1327 1326 79.69
483 1328 4.61
1328 483 4.61
481 1329 1.92
1329 481 1.92
1329 1330 138.35
1330 1329 138.35
1331 1332 1.87
1332 1331 1.87
1332 1333 130.02
1333 1332 130.02
1333 1334 86.85
1334 1333 86.85
1335 1336 6.16
1336 1335 6.16
1337 1338 122.3
1338 1337 122.3
1339 1340 0.01
1340 1339 0.01
1339 1341 57.45
1341 1339 57.45
1340 1341 57.45
1341 1340 57.45
1189 1208 13.05
1208 1189 13.05
84 1245 48.69
1245 84 48.69
1342 1343 220.2
1343 1342 220.2
270 1148 127.02
1148 270 127.02
1344 1345 0.01
1345 1344 0.01
1344 1346 0.01
1346 1344 0.01
1344 1347 0.01
1347 1344 0.01
1344 1348 337.87
1348 1344 337.87
1345 1346 0.01
1346 1345 0.01
1345 1347 0.01
1347 1345 0.01
1345 1348 337.87
1348 1345 337.87
1346 1347 0.01
1347 1346 0.01
1346 1348 337.87
1348 1346 337.87
1347 1348 337.87
1348 1347 337.87
1349 1350 286.79
1350 1349 286.79
1351 1352 134.92
1352 1351 134.92
892 1353 127.39
1353 892 127.39
1354 1355 9.56
1355 1354 9.56
1356 1357 0.01
1357 1356 0.01
1354 1356 62.9
1356 1354 62.9
1354 1357 62.9
1357 1354 62.9
1354 1358 130.87
1358 1354 130.87
41 1354 101.8
1354 41 101.8
41 43 127.22
43 41 127.22
41 1359 6.68
1359 41 6.68
1360 1361 0.01
1361 1360 0.01
1359 1360 67.85
1360 1359 67.85
1359 1361 67.85
1361 1359 67.85
1362 1363 48.0
1363 1362 48.0
1362 1364 104.25
1364 1362 104.25
1365 1366 111.02
1366 1365 111.02
1367 1368 55.83
1368 1367 55.83
1363 1368 29.8
1368 1363 29.8
1368 1369 31.84
1369 1368 31.84
1363 1370 64.47
1370 1363 64.47
1363 1371 64.47
1371 1363 64.47
1370 1371 0.01
1371 1370 0.01
1365 1372 90.75
1372 1365 90.75
1367 1373 104.34
1373 1367 104.34
1374 1375 111.59
1375 1374 111.59
1376 1377 0.01
1377 1376 0.01
1376 1378 88.97
1378 1376 88.97
1377 1378 88.97
1378 1377 88.97
1379 1380 241.81
1380 1379 241.81
1380 1381 279.89
1381 1380 279.89
1380 1382 93.67
1382 1380 93.67
1383 1384 0.01
1384 1383 0.01
1383 1385 109.32
1385 1383 109.32
1384 1385 109.32
1385 1384 109.32
1385 1386 119.09
1386 1385 119.09
1387 1388 0.01
1388 1387 0.01
1387 1389 74.34
1389 1387 74.34
1388 1389 74.34
1389 1388 74.34
1231 1358 100.01
1358 1231 100.01
43 1358 110.43
1358 43 110.43
1358 1390 128.0
1390 1358 128.0
43 1391 128.19
1391 43 128.19
1390 1392 59.53
1392 1390 59.53
1294 1391 68.89
1391 1294 68.89
369 1294 64.3
1294 369 64.3
1393 1394 190.62
1394 1393 190.62
1179 1231 50.93
1231 1179 50.93
1395 1396 60.89
1396 1395 60.89
1397 1398 35.69
1398 1397 35.69
884 1399 72.0
1399 884 72.0
1400 1401 207.82
1401 1400 207.82
1402 1403 83.81
1403 1402 83.81
1403 1404 494.86
1404 1403 494.86
1405 1406 14.57
1406 1405 14.57
1407 1408 8.38
1408 1407 8.38
886 1409 66.82
1409 886 66.82
1410 1411 15.39
1411 1410 15.39
1408 1412 121.8
1412 1408 121.8
1408 1413 41.71
1413 1408 41.71
1406 1414 20.21
1414 1406 20.21
1406 1412 43.13
1412 1406 43.13
1396 1415 85.85
1415 1396 85.85
1396 1416 85.85
1416 1396 85.85
1415 1416 0.01
1416 1415 0.01
1417 1418 12.86
1418 1417 12.86
904 1417 195.96
1417 904 195.96
1419 1420 29.38
1420 1419 29.38
1420 1421 51.0
1421 1420 51.0
1422 1423 0.01
1423 1422 0.01
1268 1424 19.19
1424 1268 19.19
1268 1425 19.19
1425 1268 19.19
1424 1425 0.01
1425 1424 0.01
1426 1427 0.01
1427 1426 0.01
1426 1428 461.1
1428 1426 461.1
1427 1428 461.1
1428 1427 461.1
1429 1430 98.85
1430 1429 98.85
1429 1431 98.85
1431 1429 98.85
1430 1431 0.01
1431 1430 0.01
1432 1433 121.41
1433 1432 121.41
1434 1435 0.01
1435 1434 0.01
1434 1436 111.48
1436 1434 111.48
