1 2 12.94
2 1 12.94
2 3 76.08
3 2 76.08
2 4 420.69
4 2 420.69
4 5 21.41
5 4 21.41
4 6 100.82
6 4 100.82
7 8 273.85
8 7 273.85
9 10 50.72
10 9 50.72
10 11 113.33
11 10 113.33
8 10 18.46
10 8 18.46
8 12 78.88
12 8 78.88
12 13 22.26
13 12 22.26
12 14 18.47
14 12 18.47
15 16 51.49
16 15 51.49
15 17 401.08
17 15 401.08
17 18 4.89
18 17 4.89
18 19 93.25
19 18 93.25
20 21 198.06
21 20 198.06
23 24 79.31
24 23 79.31
22 23 46.63
23 22 46.63
22 25 245.45
25 22 245.45
26 27 126.9
27 26 126.9
24 26 41.68
26 24 41.68
26 28 67.19
28 26 67.19
24 28 68.05
28 24 68.05
24 29 66.99
29 24 66.99
20 29 15.59
29 20 15.59
20 30 55.07
30 20 55.07
29 31 195.78
31 29 195.78
29 32 48.13
32 29 48.13
33 34 70.51
34 33 70.51
27 35 62.45
35 27 62.45
27 36 22.68
36 27 22.68
27 37 47.91
37 27 47.91
38 39 42.62
39 38 42.62
36 40 40.13
40 36 40.13
36 41 39.76
41 36 39.76
30 42 12.07
42 30 12.07
30 43 12.65
43 30 12.65
39 44 157.5
44 39 157.5
39 45 51.42
45 39 51.42
25 41 25.47
41 25 25.47
28 46 167.0
46 28 167.0
42 43 14.11
43 42 14.11
34 43 15.13
43 34 15.13
32 42 17.06
42 32 17.06
34 47 126.91
47 34 126.91
45 48 1508.49
48 45 1508.49
45 49 61.31
49 45 61.31
40 41 13.1
41 40 13.1
31 32 197.33
32 31 197.33
37 50 6.78
50 37 6.78
37 51 11.54
51 37 11.54
35 40 25.11
40 35 25.11
51 52 6.32
52 51 6.32
35 51 40.2
51 35 40.2
35 46 93.55
46 35 93.55
53 54 210.67
54 53 210.67
31 46 115.16
46 31 115.16
55 56 908.68
56 55 908.68
56 57 334.81
57 56 334.81
57 58 741.11
58 57 741.11
55 59 252.75
59 55 252.75
31 60 334.72
60 31 334.72
61 62 1303.11
62 61 1303.11
58 63 54.9
63 58 54.9
60 63 59.46
63 60 59.46
60 64 61.31
64 60 61.31
65 66 336.83
66 65 336.83
58 64 56.24
64 58 56.24
63 64 11.54
64 63 11.54
63 66 233.16
66 63 233.16
66 67 209.85
67 66 209.85
68 69 0.02
69 68 0.02
71 72 43.18
72 71 43.18
71 73 23.36
73 71 23.36
71 74 7.86
74 71 7.86
74 75 118.95
75 74 118.95
68 76 30.33
76 68 30.33
69 77 38.03
77 69 38.03
77 78 10.14
78 77 10.14
79 80 72.8
80 79 72.8
77 80 3.94
80 77 3.94
81 82 51.0
82 81 51.0
81 83 33.37
83 81 33.37
81 84 65.37
84 81 65.37
85 86 60.4
86 85 60.4
86 87 27.01
87 86 27.01
86 88 13.25
88 86 13.25
88 89 35.55
89 88 35.55
87 88 13.88
88 87 13.88
87 90 74.21
90 87 74.21
91 92 16.96
92 91 16.96
91 93 2.15
93 91 2.15
93 94 36.62
94 93 36.62
93 95 12.33
95 93 12.33
91 96 7.83
96 91 7.83
92 97 10.35
97 92 10.35
92 98 63.12
98 92 63.12
97 99 8.55
99 97 8.55
99 100 4.89
100 99 4.89
97 101 46.41
101 97 46.41
100 102 8.65
102 100 8.65
103 104 13.76
104 103 13.76
100 103 80.87
103 100 80.87
99 105 11.52
105 99 11.52
106 107 39.31
107 106 39.31
101 108 12.29
108 101 12.29
101 107 8.61
107 101 8.61
107 108 17.1
108 107 17.1
108 109 72.74
109 108 72.74
103 110 19.46
110 103 19.46
111 112 2343.95
112 111 2343.95
113 114 8.78
114 113 8.78
112 114 16.43
114 112 16.43
114 115 62.55
115 114 62.55
112 116 10.47
116 112 10.47
113 116 16.21
116 113 16.21
113 117 151.81
117 113 151.81
116 118 112.67
118 116 112.67
119 120 73.55
120 119 73.55
119 121 114.97
121 119 114.97
119 122 157.82
122 119 157.82
119 123 0.57
123 119 0.57
118 124 28.46
124 118 28.46
124 125 56.32
125 124 56.32
117 126 25.63
126 117 25.63
117 127 28.92
127 117 28.92
128 129 51.8
129 128 51.8
127 128 149.52
128 127 149.52
128 130 124.1
130 128 124.1
126 127 36.84
127 126 36.84
125 126 11.84
126 125 11.84
125 131 101.93
131 125 101.93
130 132 9.1
132 130 9.1
122 130 5.36
130 122 5.36
122 133 3.5
133 122 3.5
133 134 10.02
134 133 10.02
133 135 159.49
135 133 159.49
132 134 7.27
134 132 7.27
134 137 96.16
137 134 96.16
138 139 133.04
139 138 133.04
141 142 208.48
142 141 208.48
141 144 239.42
144 141 239.42
145 146 579.98
146 145 579.98
131 147 55.29
147 131 55.29
131 148 145.32
148 131 145.32
137 149 46.6
149 137 46.6
137 150 79.78
150 137 79.78
141 151 169.25
151 141 169.25
152 153 32.42
153 152 32.42
149 150 71.77
150 149 71.77
135 153 28.95
153 135 28.95
148 151 92.93
151 148 92.93
146 156 44.03
156 146 44.03
146 157 45.99
157 146 45.99
155 159 27.22
159 155 27.22
155 160 89.03
160 155 89.03
161 162 5.66
162 161 5.66
163 164 15.19
164 163 15.19
163 165 30.24
165 163 30.24
160 166 29.89
166 160 29.89
160 165 49.28
165 160 49.28
164 165 21.88
165 164 21.88
158 165 72.18
165 158 72.18
169 170 163.37
170 169 163.37
170 171 24.26
171 170 24.26
171 172 13.44
172 171 13.44
170 173 82.36
173 170 82.36
175 176 25.91
176 175 25.91
167 169 42.36
169 167 42.36
167 176 38.47
176 167 38.47
169 176 3.17
176 169 3.17
169 177 19.24
177 169 19.24
178 179 14.43
179 178 14.43
179 180 92.01
180 179 92.01
179 181 0.5
181 179 0.5
182 183 131.31
183 182 131.31
179 183 41.49
183 179 41.49
184 185 214.01
185 184 214.01
183 186 35.38
186 183 35.38
183 187 0.48
187 183 0.48
178 188 100.99
188 178 100.99
189 190 17.97
190 189 17.97
189 191 17.97
191 189 17.97
190 191 0.0
191 190 0.0
178 186 35.87
186 178 35.87
184 190 12.23
190 184 12.23
184 191 12.23
191 184 12.23
193 194 198.9
194 193 198.9
195 196 105.09
196 195 105.09
197 198 26.45
198 197 26.45
197 199 404.2
199 197 404.2
197 200 20.75
200 197 20.75
201 202 126.09
202 201 126.09
203 204 192.0
204 203 192.0
205 206 54.35
206 205 54.35
207 208 22.8
208 207 22.8
206 207 45.35
207 206 45.35
200 207 137.73
207 200 137.73
200 206 103.25
206 200 103.25
209 210 24.94
210 209 24.94
209 211 48.23
211 209 48.23
210 212 51.88
212 210 51.88
213 214 165.4
214 213 165.4
213 215 15.17
215 213 15.17
216 217 118.28
217 216 118.28
218 219 56.62
219 218 56.62
218 220 59.43
220 218 59.43
213 221 6.97
221 213 6.97
219 221 7.39
221 219 7.39
222 223 114.8
223 222 114.8
219 224 25.34
224 219 25.34
219 225 420.98
225 219 420.98
222 226 46.71
226 222 46.71
222 227 44.82
227 222 44.82
228 229 11.4
229 228 11.4
228 230 46.23
230 228 46.23
229 231 7.18
231 229 7.18
229 232 4.3
232 229 4.3
227 233 16.43
233 227 16.43
226 227 34.87
227 226 34.87
218 228 133.43
228 218 133.43
233 234 40.92
234 233 40.92
233 236 11.48
236 233 11.48
236 237 30.38
237 236 30.38
226 230 44.5
230 226 44.5
230 236 1.81
236 230 1.81
232 238 0.16
238 232 0.16
232 235 12.3
235 232 12.3
235 238 8.62
238 235 8.62
239 240 335.45
240 239 335.45
240 241 317.22
241 240 317.22
239 242 622.21
242 239 622.21
243 244 177.62
244 243 177.62
244 245 288.8
245 244 288.8
245 246 249.03
246 245 249.03
246 247 254.74
247 246 254.74
247 248 46.76
248 247 46.76
248 249 298.07
249 248 298.07
249 250 271.64
250 249 271.64
250 251 11.68
251 250 11.68
242 251 614.31
251 242 614.31
248 252 55.16
252 248 55.16
247 253 210.45
253 247 210.45
246 254 108.81
254 246 108.81
255 256 826.13
256 255 826.13
257 258 169.84
258 257 169.84
258 259 26.85
259 258 26.85
258 260 90.76
260 258 90.76
261 262 29.82
262 261 29.82
262 263 90.91
263 262 90.91
262 264 14.31
264 262 14.31
260 265 28.96
265 260 28.96
260 266 94.82
266 260 94.82
263 267 21.14
267 263 21.14
263 268 94.4
268 263 94.4
266 269 29.13
269 266 29.13
266 270 97.67
270 266 97.67
268 271 23.97
271 268 23.97
268 272 30.51
272 268 30.51
272 273 31.81
273 272 31.81
272 274 57.22
274 272 57.22
270 275 11.72
275 270 11.72
270 276 140.75
276 270 140.75
274 277 47.44
277 274 47.44
274 278 43.43
278 274 43.43
278 279 62.54
279 278 62.54
278 280 19.45
280 278 19.45
281 282 55.48
282 281 55.48
280 283 30.8
283 280 30.8
280 281 17.86
281 280 17.86
281 284 13.95
284 281 13.95
281 283 24.22
283 281 24.22
284 285 20.66
285 284 20.66
284 286 25.82
286 284 25.82
283 287 23.35
287 283 23.35
276 288 175.85
288 276 175.85
276 285 53.22
285 276 53.22
285 289 41.46
289 285 41.46
287 290 33.84
290 287 33.84
287 291 24.32
291 287 24.32
291 292 30.2
292 291 30.2
291 293 33.25
293 291 33.25
294 295 73.41
295 294 73.41
294 296 47.06
296 294 47.06
294 297 286.52
297 294 286.52
293 298 23.04
298 293 23.04
293 299 79.64
299 293 79.64
288 300 38.65
300 288 38.65
288 297 65.45
297 288 65.45
297 300 62.1
300 297 62.1
299 301 35.0
301 299 35.0
299 302 97.23
302 299 97.23
300 303 61.52
303 300 61.52
303 304 51.12
304 303 51.12
303 305 163.46
305 303 163.46
304 306 47.05
306 304 47.05
304 307 87.13
307 304 87.13
304 308 58.33
308 304 58.33
305 309 15.71
309 305 15.71
305 310 56.48
310 305 56.48
307 311 32.76
311 307 32.76
307 312 90.81
312 307 90.81
307 313 58.97
313 307 58.97
312 314 40.11
314 312 40.11
312 315 4.19
315 312 4.19
315 316 96.23
316 315 96.23
315 317 26.21
317 315 26.21
315 318 4.53
318 315 4.53
316 319 26.81
319 316 26.81
316 320 88.03
320 316 88.03
316 321 65.84
321 316 65.84
320 322 38.07
322 320 38.07
320 323 92.69
323 320 92.69
320 324 74.71
324 320 74.71
323 325 66.91
325 323 66.91
323 326 98.1
326 323 98.1
323 327 17.32
327 323 17.32
328 329 109.4
329 328 109.4
330 331 38.72
331 330 38.72
329 332 67.68
332 329 67.68
329 330 31.22
330 329 31.22
330 332 63.18
332 330 63.18
332 333 192.3
333 332 192.3
333 334 21.25
334 333 21.25
333 335 66.51
335 333 66.51
241 336 237.71
336 241 237.71
336 337 660.83
337 336 660.83
337 338 307.52
338 337 307.52
338 339 468.73
339 338 468.73
339 340 1.51
340 339 1.51
241 341 11.42
341 241 11.42
341 342 221.15
342 341 221.15
342 343 402.47
343 342 402.47
341 344 163.58
344 341 163.58
345 346 92.32
346 345 92.32
345 347 165.0
347 345 165.0
345 348 612.27
348 345 612.27
349 350 96.38
350 349 96.38
351 352 25.11
352 351 25.11
353 354 18.76
354 353 18.76
354 355 3.2
355 354 3.2
355 356 98.77
356 355 98.77
352 356 83.41
356 352 83.41
352 357 27.05
357 352 27.05
350 352 188.57
352 350 188.57
352 358 101.52
358 352 101.52
349 358 78.76
358 349 78.76
358 359 65.75
359 358 65.75
356 359 37.27
359 356 37.27
349 360 67.46
360 349 67.46
361 362 615.24
362 361 615.24
359 363 54.41
363 359 54.41
360 363 98.56
363 360 98.56
355 363 59.93
363 355 59.93
360 364 61.26
364 360 61.26
361 365 17.78
365 361 17.78
361 364 48.92
364 361 48.92
354 366 17.18
366 354 17.18
354 364 180.03
364 354 180.03
367 368 83.74
368 367 83.74
368 369 19.57
369 368 19.57
367 370 353.02
370 367 353.02
371 372 9.6
372 371 9.6
371 373 32.16
373 371 32.16
371 374 20.51
374 371 20.51
372 375 22.94
375 372 22.94
372 374 26.91
374 372 26.91
373 374 4.74
374 373 4.74
370 373 16.92
373 370 16.92
368 375 75.2
375 368 75.2
370 375 27.1
375 370 27.1
376 377 871.42
377 376 871.42
378 379 330.84
379 378 330.84
378 380 26.86
380 378 26.86
378 381 35.02
381 378 35.02
383 384 579.47
384 383 579.47
383 385 51.66
385 383 51.66
383 386 108.48
386 383 108.48
387 388 51.51
388 387 51.51
386 389 43.12
389 386 43.12
386 387 24.33
387 386 24.33
387 390 384.24
390 387 384.24
390 391 32.4
391 390 32.4
393 394 692.02
394 393 692.02
393 395 87.63
395 393 87.63
395 396 20.3
396 395 20.3
397 398 0.32
398 397 0.32
393 399 124.22
399 393 124.22
399 400 124.22
400 399 124.22
393 400 124.22
400 393 124.22
401 402 47.84
402 401 47.84
401 403 25.58
403 401 25.58
401 404 54.08
404 401 54.08
401 405 66.87
405 401 66.87
403 406 141.26
406 403 141.26
403 407 31.8
407 403 31.8
407 408 27.65
408 407 27.65
405 407 32.8
407 405 32.8
405 409 90.37
409 405 90.37
406 410 24.97
410 406 24.97
406 409 130.18
409 406 130.18
409 411 46.75
411 409 46.75
412 413 6.58
413 412 6.58
414 415 34.05
415 414 34.05
414 416 22.0
416 414 22.0
414 417 9.78
417 414 9.78
415 417 34.94
417 415 34.94
415 418 24.05
418 415 24.05
413 416 6.76
416 413 6.76
416 419 10.54
419 416 10.54
413 420 16.27
420 413 16.27
413 421 55.71
421 413 55.71
417 419 16.26
419 417 16.26
419 420 17.7
420 419 17.7
420 422 14.16
422 420 14.16
422 423 22.62
423 422 22.62
423 424 6.72
424 423 6.72
423 425 6.4
425 423 6.4
425 426 7.98
426 425 7.98
424 425 6.17
425 424 6.17
426 427 12.9
427 426 12.9
426 428 18.53
428 426 18.53
427 429 27.44
429 427 27.44
427 430 38.57
430 427 38.57
424 428 11.47
428 424 11.47
428 430 6.39
430 428 6.39
431 432 24.31
432 431 24.31
430 431 19.81
431 430 19.81
429 433 37.8
433 429 37.8
431 434 15.26
434 431 15.26
429 431 49.62
431 429 49.62
435 436 325.16
436 435 325.16
437 438 335.79
438 437 335.79
437 439 2.61
439 437 2.61
440 441 42.77
441 440 42.77
442 443 18.75
443 442 18.75
442 444 14.29
444 442 14.29
445 446 288.13
446 445 288.13
444 445 34.0
445 444 34.0
447 448 8.72
448 447 8.72
441 449 24.12
449 441 24.12
449 450 18.06
450 449 18.06
437 451 14.15
451 437 14.15
441 451 3.12
451 441 3.12
437 449 21.85
449 437 21.85
449 452 29.04
452 449 29.04
442 453 26.24
453 442 26.24
452 453 14.36
453 452 14.36
451 454 48.64
454 451 48.64
453 455 11.04
455 453 11.04
445 453 32.76
453 445 32.76
448 452 20.1
452 448 20.1
447 456 2.0
456 447 2.0
447 455 17.49
455 447 17.49
455 457 61.47
457 455 61.47
443 444 21.91
444 443 21.91
443 458 43.28
458 443 43.28
458 459 70.51
459 458 70.51
459 460 25.76
460 459 25.76
458 461 34.72
461 458 34.72
462 463 2289.45
463 462 2289.45
462 464 2289.45
464 462 2289.45
463 464 0.0
464 463 0.0
463 465 195.07
465 463 195.07
464 465 195.07
465 464 195.07
466 467 904.25
467 466 904.25
466 468 904.25
468 466 904.25
467 468 904.25
468 467 904.25
469 470 197.34
470 469 197.34
469 471 197.34
471 469 197.34
470 471 0.0
471 470 0.0
469 472 361.77
472 469 361.77
462 472 108.76
472 462 108.76
466 473 1221.8
473 466 1221.8
472 474 47.59
474 472 47.59
476 477 0.0
477 476 0.0
476 478 65.21
478 476 65.21
477 478 65.21
478 477 65.21
470 478 6.1
478 470 6.1
471 478 6.1
478 471 6.1
479 480 0.0
480 479 0.0
479 481 21.59
481 479 21.59
480 481 21.59
481 480 21.59
469 481 82.04
481 469 82.04
469 482 24.64
482 469 24.64
483 484 9.68
484 483 9.68
485 486 175.2
486 485 175.2
479 485 175.2
485 479 175.2
480 485 175.2
485 480 175.2
484 485 175.2
485 484 175.2
479 486 175.2
486 479 175.2
480 486 175.2
486 480 175.2
484 486 175.2
486 484 175.2
479 484 175.2
484 479 175.2
480 484 175.2
484 480 175.2
478 487 17.41
487 478 17.41
473 488 14.84
488 473 14.84
488 489 160.62
489 488 160.62
481 490 37.0
490 481 37.0
481 491 17.08
491 481 17.08
479 491 18.12
491 479 18.12
480 491 18.12
491 480 18.12
492 493 0.0
493 492 0.0
492 494 0.0
494 492 0.0
492 495 0.0
495 492 0.0
492 496 10.2
496 492 10.2
493 494 0.0
494 493 0.0
493 495 0.0
495 493 0.0
493 496 10.2
496 493 10.2
494 495 0.0
495 494 0.0
494 496 10.2
496 494 10.2
495 496 10.2
496 495 10.2
497 498 6.12
498 497 6.12
497 499 21.32
499 497 21.32
487 499 21.32
499 487 21.32
499 500 21.32
500 499 21.32
487 497 21.32
497 487 21.32
497 500 21.32
500 497 21.32
487 500 21.32
500 487 21.32
501 502 0.0
502 501 0.0
501 503 5.87
503 501 5.87
502 503 5.87
503 502 5.87
492 504 29.91
504 492 29.91
493 504 29.91
504 493 29.91
494 504 29.91
504 494 29.91
495 504 29.91
504 495 29.91
492 501 17.79
501 492 17.79
493 501 17.79
501 493 17.79
494 501 17.79
501 494 17.79
495 501 17.79
501 495 17.79
492 502 17.79
502 492 17.79
493 502 17.79
502 493 17.79
494 502 17.79
502 494 17.79
495 502 17.79
502 495 17.79
500 501 18.99
501 500 18.99
500 502 18.99
502 500 18.99
500 505 6.79
505 500 6.79
488 506 10.52
506 488 10.52
504 507 9.15
507 504 9.15
504 508 19.44
508 504 19.44
491 509 31.34
509 491 31.34
476 503 80.2
503 476 80.2
477 503 80.2
503 477 80.2
503 507 38.12
507 503 38.12
485 503 38.12
503 485 38.12
485 507 38.12
507 485 38.12
483 506 49.47
506 483 49.47
476 506 64.7
506 476 64.7
477 506 64.7
506 477 64.7
511 512 143.49
512 511 143.49
483 512 37.98
512 483 37.98
512 513 11.89
513 512 11.89
514 515 6.0
515 514 6.0
514 516 8.21
516 514 8.21
516 517 9.51
517 516 9.51
517 518 10.52
518 517 10.52
512 518 15.09
518 512 15.09
514 517 11.33
517 514 11.33
519 520 255.4
520 519 255.4
521 522 114.06
522 521 114.06
521 523 411.36
523 521 411.36
521 524 188.25
524 521 188.25
521 525 166.84
525 521 166.84
525 526 20.97
526 525 20.97
523 525 17.72
525 523 17.72
523 526 25.17
526 523 25.17
526 527 217.28
527 526 217.28
62 528 96.19
528 62 96.19
529 530 92.03
530 529 92.03
531 532 0.0
532 531 0.0
531 533 184.78
533 531 184.78
531 534 184.78
534 531 184.78
532 533 184.78
533 532 184.78
532 534 184.78
534 532 184.78
533 534 184.78
534 533 184.78
59 530 17.98
530 59 17.98
59 535 11.54
535 59 11.54
535 536 7.55
536 535 7.55
537 538 131.81
538 537 131.81
536 539 27.94
539 536 27.94
539 540 105.18
540 539 105.18
531 536 42.0
536 531 42.0
532 536 42.0
536 532 42.0
541 542 0.0
542 541 0.0
541 543 0.0
543 541 0.0
541 544 0.0
544 541 0.0
542 543 0.0
543 542 0.0
542 544 0.0
544 542 0.0
543 544 0.0
544 543 0.0
539 545 111.5
545 539 111.5
541 546 32.66
546 541 32.66
542 546 32.66
546 542 32.66
543 546 32.66
546 543 32.66
544 546 32.66
546 544 32.66
545 546 19.88
546 545 19.88
541 547 84.55
547 541 84.55
542 547 84.55
547 542 84.55
543 547 84.55
547 543 84.55
544 547 84.55
547 544 84.55
546 548 21.5
548 546 21.5
549 550 10.46
550 549 10.46
546 549 17.35
549 546 17.35
551 552 3.99
552 551 3.99
549 553 12.97
553 549 12.97
540 554 37.84
554 540 37.84
540 541 44.81
541 540 44.81
540 542 44.81
542 540 44.81
540 543 44.81
543 540 44.81
540 544 44.81
544 540 44.81
545 547 53.03
547 545 53.03
545 555 32.24
555 545 32.24
541 554 17.48
554 541 17.48
542 554 17.48
554 542 17.48
543 554 17.48
554 543 17.48
544 554 17.48
554 544 17.48
554 556 87.67
556 554 87.67
56 557 75.88
557 56 75.88
558 559 99.63
559 558 99.63
558 560 99.63
560 558 99.63
559 560 0.0
560 559 0.0
558 561 30.3
561 558 30.3
562 563 7.24
563 562 7.24
562 564 7.24
564 562 7.24
563 564 0.0
564 563 0.0
563 565 119.09
565 563 119.09
563 566 119.09
566 563 119.09
559 563 119.09
563 559 119.09
560 563 119.09
563 560 119.09
564 565 119.09
565 564 119.09
564 566 119.09
566 564 119.09
559 564 119.09
564 559 119.09
560 564 119.09
564 560 119.09
565 566 119.09
566 565 119.09
559 565 119.09
565 559 119.09
560 565 119.09
565 560 119.09
559 566 119.09
566 559 119.09
560 566 119.09
566 560 119.09
558 567 5.65
567 558 5.65
568 569 13.21
569 568 13.21
569 570 30.98
570 569 30.98
558 571 37.97
571 558 37.97
570 571 20.39
571 570 20.39
559 570 95.53
570 559 95.53
560 570 95.53
570 560 95.53
572 573 83.88
573 572 83.88
572 574 83.88
574 572 83.88
572 575 83.88
575 572 83.88
572 576 83.88
576 572 83.88
570 572 83.88
572 570 83.88
573 574 83.88
574 573 83.88
573 575 83.88
575 573 83.88
573 576 83.88
576 573 83.88
570 573 83.88
573 570 83.88
574 575 83.88
575 574 83.88
574 576 83.88
576 574 83.88
570 574 83.88
574 570 83.88
575 576 83.88
576 575 83.88
570 575 83.88
575 570 83.88
570 576 83.88
576 570 83.88
573 577 14.67
577 573 14.67
578 579 11.28
579 578 11.28
569 578 44.5
578 569 44.5
569 579 44.5
579 569 44.5
580 581 13.87
581 580 13.87
578 581 60.31
581 578 60.31
579 581 60.31
581 579 60.31
569 582 32.32
582 569 32.32
569 583 32.32
583 569 32.32
582 583 0.0
583 582 0.0
571 574 80.44
574 571 80.44
571 584 5.8
584 571 5.8
575 585 23.03
585 575 23.03
581 586 0.03
586 581 0.03
581 587 11.49
587 581 11.49
587 588 7.42
588 587 7.42
568 589 93.51
589 568 93.51
563 589 93.51
589 563 93.51
564 589 93.51
589 564 93.51
563 568 93.51
568 563 93.51
564 568 93.51
568 564 93.51
587 590 0.08
590 587 0.08
587 589 60.29
589 587 60.29
576 578 23.49
578 576 23.49
576 579 23.49
579 576 23.49
589 591 2.85
591 589 2.85
578 589 11.28
589 578 11.28
579 589 11.28
589 579 11.28
592 593 28.52
593 592 28.52
566 592 28.52
592 566 28.52
566 593 28.52
593 566 28.52
582 594 15.73
594 582 15.73
583 594 15.73
594 583 15.73
582 595 32.6
595 582 32.6
565 582 32.6
582 565 32.6
583 595 32.6
595 583 32.6
565 583 32.6
583 565 32.6
565 595 32.6
595 565 32.6
593 595 21.96
595 593 21.96
55 596 94.58
596 55 94.58
57 597 54.78
597 57 54.78
598 599 2304.29
599 598 2304.29
599 600 253.47
600 599 253.47
601 602 1092.17
602 601 1092.17
600 602 372.4
602 600 372.4
602 603 70.6
603 602 70.6
600 604 73.24
604 600 73.24
599 605 69.65
605 599 69.65
606 607 3250.1
607 606 3250.1
608 609 3107.22
609 608 3107.22
610 611 161.47
611 610 161.47
611 612 750.61
612 611 750.61
612 613 197.67
613 612 197.67
612 614 197.67
614 612 197.67
613 614 193.61
614 613 193.61
614 615 122.65
615 614 122.65
615 616 27.26
616 615 27.26
617 618 38.81
618 617 38.81
619 620 15.16
620 619 15.16
618 619 356.37
619 618 356.37
619 621 87.99
621 619 87.99
621 622 198.35
622 621 198.35
621 623 190.3
623 621 190.3
622 623 120.94
623 622 120.94
623 624 269.46
624 623 269.46
624 625 50.52
625 624 50.52
622 626 90.66
626 622 90.66
622 627 104.72
627 622 104.72
626 628 84.77
628 626 84.77
626 629 94.12
629 626 94.12
630 631 79.75
631 630 79.75
627 629 5.89
629 627 5.89
624 631 34.39
631 624 34.39
625 631 40.56
631 625 40.56
628 632 20.29
632 628 20.29
628 633 27.86
633 628 27.86
625 634 427.71
634 625 427.71
618 632 33.3
632 618 33.3
632 633 25.16
633 632 25.16
633 635 204.29
635 633 204.29
611 636 95.54
636 611 95.54
611 637 242.47
637 611 242.47
635 639 44.67
639 635 44.67
640 641 51.95
641 640 51.95
642 643 471.39
643 642 471.39
634 640 530.23
640 634 530.23
640 644 75.63
644 640 75.63
610 636 121.78
636 610 121.78
636 645 16.0
645 636 16.0
610 646 63.35
646 610 63.35
634 647 229.14
647 634 229.14
644 646 14.91
646 644 14.91
644 648 50.93
648 644 50.93
646 649 66.61
649 646 66.61
648 650 19.5
650 648 19.5
648 651 45.01
651 648 45.01
652 653 0.0
653 652 0.0
652 654 83.63
654 652 83.63
653 654 83.63
654 653 83.63
650 655 6.89
655 650 6.89
650 656 19.52
656 650 19.52
649 657 68.38
657 649 68.38
647 652 222.03
652 647 222.03
647 653 222.03
653 647 222.03
652 657 334.03
657 652 334.03
653 657 334.03
657 653 334.03
642 647 29.87
647 642 29.87
649 656 11.25
656 649 11.25
656 658 45.64
658 656 45.64
649 659 71.74
659 649 71.74
642 660 90.32
660 642 90.32
657 661 71.4
661 657 71.4
660 662 47.34
662 660 47.34
660 663 266.63
663 660 266.63
664 665 340.31
665 664 340.31
666 667 308.67
667 666 308.67
666 668 87.09
668 666 87.09
669 670 51.42
670 669 51.42
672 673 41.58
673 672 41.58
671 673 32.33
673 671 32.33
674 675 385.41
675 674 385.41
676 677 22.86
677 676 22.86
676 678 21.14
678 676 21.14
674 679 44.98
679 674 44.98
674 680 63.43
680 674 63.43
676 680 63.43
680 676 63.43
674 676 63.43
676 674 63.43
681 682 125.66
682 681 125.66
682 683 11.9
683 682 11.9
682 684 2.45
684 682 2.45
685 686 28.0
686 685 28.0
681 685 6.35
685 681 6.35
685 687 27.3
687 685 27.3
688 689 11.63
689 688 11.63
688 690 46.8
690 688 46.8
688 691 70.7
691 688 70.7
689 692 23.81
692 689 23.81
689 693 45.53
693 689 45.53
690 694 24.13
694 690 24.13
690 692 10.27
692 690 10.27
692 695 24.06
695 692 24.06
694 696 3.2
696 694 3.2
694 697 23.79
697 694 23.79
694 695 10.39
695 694 10.39
695 698 24.54
698 695 24.54
693 699 45.84
699 693 45.84
691 693 25.45
693 691 25.45
691 700 105.14
700 691 105.14
697 700 47.0
700 697 47.0
697 698 9.46
698 697 9.46
698 699 23.4
699 698 23.4
699 700 11.67
700 699 11.67
245 701 61.58
701 245 61.58
244 702 149.0
702 244 149.0
703 704 26.36
704 703 26.36
704 705 71.48
705 704 71.48
704 706 30.42
706 704 30.42
704 707 70.84
707 704 70.84
704 708 49.13
708 704 49.13
707 709 53.83
709 707 53.83
707 708 59.48
708 707 59.48
708 710 2.69
710 708 2.69
708 709 52.37
709 708 52.37
710 711 52.93
711 710 52.93
710 712 43.37
712 710 43.37
709 713 261.71
713 709 261.71
713 714 6.74
714 713 6.74
711 712 24.73
712 711 24.73
705 712 10.5
712 705 10.5
715 716 115.11
716 715 115.11
716 717 24.41
717 716 24.41
705 717 63.27
717 705 63.27
711 718 39.22
718 711 39.22
718 719 3.82
719 718 3.82
717 719 12.98
719 717 12.98
717 720 29.59
720 717 29.59
719 721 23.53
721 719 23.53
719 722 8.28
722 719 8.28
721 723 8.35
723 721 8.35
716 721 13.01
721 716 13.01
716 724 29.6
724 716 29.6
721 725 8.39
725 721 8.39
725 726 49.13
726 725 49.13
725 727 47.85
727 725 47.85
726 728 37.54
728 726 37.54
726 727 6.79
727 726 6.79
727 729 27.88
729 727 27.88
728 729 14.2
729 728 14.2
730 731 65.98
731 730 65.98
729 731 27.82
731 729 27.82
715 732 13.77
732 715 13.77
728 732 20.23
732 728 20.23
731 733 37.39
733 731 37.39
731 734 17.93
734 731 17.93
734 735 11.63
735 734 11.63
732 736 35.02
736 732 35.02
732 737 22.31
737 732 22.31
735 737 9.89
737 735 9.89
735 738 5.0
738 735 5.0
739 740 38.57
740 739 38.57
740 741 3.72
741 740 3.72
715 741 81.16
741 715 81.16
737 742 58.25
742 737 58.25
734 737 11.78
737 734 11.78
734 743 82.7
743 734 82.7
730 742 16.73
742 730 16.73
713 730 29.2
730 713 29.2
741 742 27.29
742 741 27.29
740 744 21.99
744 740 21.99
713 740 38.85
740 713 38.85
713 745 11.77
745 713 11.77
746 747 38.84
747 746 38.84
746 748 8.75
748 746 8.75
746 749 6.61
749 746 6.61
751 752 51.35
752 751 51.35
750 753 18.48
753 750 18.48
750 754 31.59
754 750 31.59
750 751 27.46
751 750 27.46
751 755 31.56
755 751 31.56
751 756 18.41
756 751 18.41
754 757 40.27
757 754 40.27
753 754 31.59
754 753 31.59
755 756 31.67
756 755 31.67
755 758 40.02
758 755 40.02
753 756 27.6
756 753 27.6
753 759 17.96
759 753 17.96
756 760 17.93
760 756 17.93
757 761 25.78
761 757 25.78
758 762 25.23
762 758 25.23
763 764 17.23
764 763 17.23
763 765 36.08
765 763 36.08
759 763 6.07
763 759 6.07
760 766 5.53
766 760 5.53
766 767 20.4
767 766 20.4
767 768 16.24
768 767 16.24
766 769 17.01
769 766 17.01
770 771 14.63
771 770 14.63
767 772 14.34
772 767 14.34
770 772 11.85
772 770 11.85
759 760 27.7
760 759 27.7
773 774 5.93
774 773 5.93
773 775 8.3
775 773 8.3
772 776 8.3
776 772 8.3
777 778 95.86
778 777 95.86
769 779 7.91
779 769 7.91
768 769 19.24
769 768 19.24
765 780 16.04
780 765 16.04
765 775 3.37
775 765 3.37
764 765 19.25
765 764 19.25
761 774 7.81
774 761 7.81
775 781 8.3
781 775 8.3
774 781 5.93
781 774 5.93
764 782 7.93
782 764 7.93
768 776 3.34
776 768 3.34
770 776 8.3
776 770 8.3
768 771 16.07
771 768 16.07
762 783 20.0
783 762 20.0
779 784 4.59
784 779 4.59
779 785 8.63
785 779 8.63
782 786 8.19
786 782 8.19
782 787 5.62
787 782 5.62
787 788 13.71
788 787 13.71
784 788 14.91
788 784 14.91
788 789 15.84
789 788 15.84
790 791 7.37
791 790 7.37
788 790 9.16
790 788 9.16
787 792 21.23
792 787 21.23
787 793 7.0
793 787 7.0
784 794 7.22
794 784 7.22
780 795 48.69
795 780 48.69
780 786 18.66
786 780 18.66
786 793 6.02
793 786 6.02
790 793 14.1
793 790 14.1
790 794 14.05
794 790 14.05
785 794 6.06
794 785 6.06
771 785 18.73
785 771 18.73
771 796 15.23
796 771 15.23
791 795 10.64
795 791 10.64
791 797 10.48
797 791 10.48
795 798 10.5
798 795 10.5
796 797 33.85
797 796 33.85
797 798 10.34
798 797 10.34
778 796 18.3
796 778 18.3
798 799 12.88
799 798 12.88
800 801 18.25
801 800 18.25
799 802 88.89
802 799 88.89
800 802 36.78
802 800 36.78
778 799 45.7
799 778 45.7
778 803 11.73
803 778 11.73
799 804 16.56
804 799 16.56
802 805 27.15
805 802 27.15
803 806 23.85
806 803 23.85
803 807 22.08
807 803 22.08
801 808 18.91
808 801 18.91
801 805 30.59
805 801 30.59
806 807 17.1
807 806 17.1
807 809 122.55
809 807 122.55
805 808 26.35
808 805 26.35
805 806 151.4
806 805 151.4
808 810 5.98
810 808 5.98
811 812 38.04
812 811 38.04
812 813 35.3
813 812 35.3
813 814 34.92
814 813 34.92
814 815 38.23
815 814 38.23
816 817 39.59
817 816 39.59
818 819 31.4
819 818 31.4
816 819 63.34
819 816 63.34
820 821 42.48
821 820 42.48
818 820 41.38
820 818 41.38
822 823 18.68
823 822 18.68
823 824 1.52
824 823 1.52
824 825 30.17
825 824 30.17
826 827 41.78
827 826 41.78
826 828 73.35
828 826 73.35
828 829 46.06
829 828 46.06
812 814 23.02
814 812 23.02
812 828 98.47
828 812 98.47
816 824 352.29
824 816 352.29
832 833 115.7
833 832 115.7
822 833 51.8
833 822 51.8
822 834 244.73
834 822 244.73
835 836 19.67
836 835 19.67
813 837 42.81
837 813 42.81
835 837 10.81
837 835 10.81
826 835 127.94
835 826 127.94
838 839 32.11
839 838 32.11
838 840 32.11
840 838 32.11
835 838 32.11
838 835 32.11
839 840 32.11
840 839 32.11
835 839 32.11
839 835 32.11
835 840 32.11
840 835 32.11
838 841 630.84
841 838 630.84
839 841 630.84
841 839 630.84
840 841 630.84
841 840 630.84
841 842 147.98
842 841 147.98
837 838 36.63
838 837 36.63
837 839 36.63
839 837 36.63
837 840 36.63
840 837 36.63
838 843 67.71
843 838 67.71
839 843 67.71
843 839 67.71
840 843 67.71
843 840 67.71
820 833 319.02
833 820 319.02
820 844 58.36
844 820 58.36
845 846 11.63
846 845 11.63
833 846 200.34
846 833 200.34
847 848 53.09
848 847 53.09
849 850 52.94
850 849 52.94
847 851 86.81
851 847 86.81
847 852 139.97
852 847 139.97
853 854 62.15
854 853 62.15
832 855 5.63
855 832 5.63
834 856 29.21
856 834 29.21
834 846 44.62
846 834 44.62
832 846 51.08
846 832 51.08
857 858 190.5
858 857 190.5
859 860 13.16
860 859 13.16
859 861 52.05
861 859 52.05
859 862 51.63
862 859 51.63
861 862 50.9
862 861 50.9
860 863 23.91
863 860 23.91
863 864 23.87
864 863 23.87
860 864 24.11
864 860 24.11
865 866 15.35
866 865 15.35
862 864 13.16
864 862 13.16
867 868 198.78
868 867 198.78
861 863 13.17
863 861 13.17
851 869 2.23
869 851 2.23
869 870 20.39
870 869 20.39
851 871 36.45
871 851 36.45
872 873 15.05
873 872 15.05
870 872 29.74
872 870 29.74
869 872 19.2
872 869 19.2
874 875 163.57
875 874 163.57
874 876 297.21
876 874 297.21
877 878 45.23
878 877 45.23
879 880 601.69
880 879 601.69
880 881 45.98
881 880 45.98
881 882 15.98
882 881 15.98
882 883 266.57
883 882 266.57
883 884 14.96
884 883 14.96
884 885 17.55
885 884 17.55
870 886 19.87
886 870 19.87
878 887 19.57
887 878 19.57
878 888 149.55
888 878 149.55
888 889 58.97
889 888 58.97
888 890 50.87
890 888 50.87
888 891 9.12
891 888 9.12
892 893 225.2
893 892 225.2
894 895 496.46
895 894 496.46
889 896 10.99
896 889 10.99
889 897 67.86
897 889 67.86
897 898 3.61
898 897 3.61
899 900 14.72
900 899 14.72
900 901 7.28
901 900 7.28
897 902 8.94
902 897 8.94
903 904 13.32
904 903 13.32
899 905 15.07
905 899 15.07
905 906 4.2
906 905 4.2
899 907 14.76
907 899 14.76
907 908 3.52
908 907 3.52
899 909 15.68
909 899 15.68
909 910 6.56
910 909 6.56
899 911 15.68
911 899 15.68
911 912 3.02
912 911 3.02
913 914 6.65
914 913 6.65
899 913 15.48
913 899 15.48
899 915 15.09
915 899 15.09
915 916 6.57
916 915 6.57
899 917 15.38
917 899 15.38
917 918 3.49
918 917 3.49
919 920 27.89
920 919 27.89
880 921 15.29
921 880 15.29
874 880 91.82
880 874 91.82
874 922 147.56
922 874 147.56
920 923 82.97
923 920 82.97
920 924 84.16
924 920 84.16
925 926 276.32
926 925 276.32
881 927 8.07
927 881 8.07
923 928 9.0
928 923 9.0
924 929 81.76
929 924 81.76
923 929 5.33
929 923 5.33
882 930 30.89
930 882 30.89
841 931 45.56
931 841 45.56
841 924 20.31
924 841 20.31
929 932 9.85
932 929 9.85
933 934 21.94
934 933 21.94
935 936 19.6
936 935 19.6
931 937 6.65
937 931 6.65
935 937 5.54
937 935 5.54
931 938 21.1
938 931 21.1
934 938 20.1
938 934 20.1
939 940 19.62
940 939 19.62
940 941 5.6
941 940 5.6
934 941 5.84
941 934 5.84
939 941 60.1
941 939 60.1
936 937 64.62
937 936 64.62
935 938 18.57
938 935 18.57
938 940 18.24
940 938 18.24
939 942 17.95
942 939 17.95
936 939 37.27
939 936 37.27
936 943 14.22
943 936 14.22
944 945 248.2
945 944 248.2
946 947 12.13
947 946 12.13
947 948 108.3
948 947 108.3
944 947 108.3
947 944 108.3
944 948 108.3
948 944 108.3
949 950 34.63
950 949 34.63
947 951 26.76
951 947 26.76
948 952 24.37
952 948 24.37
952 953 94.93
953 952 94.93
953 954 11.62
954 953 11.62
952 955 111.67
955 952 111.67
955 956 51.4
956 955 51.4
955 957 37.64
957 955 37.64
955 958 33.25
958 955 33.25
958 959 41.11
959 958 41.11
958 960 41.11
960 958 41.11
959 960 41.11
960 959 41.11
960 961 263.58
961 960 263.58
944 954 20.05
954 944 20.05
944 962 3.32
962 944 3.32
958 963 18.33
963 958 18.33
958 964 325.59
964 958 325.59
953 965 46.1
965 953 46.1
954 965 11.8
965 954 11.8
965 966 235.57
966 965 235.57
967 968 150.53
968 967 150.53
883 969 12.83
969 883 12.83
884 970 15.14
970 884 15.14
971 972 31.52
972 971 31.52
971 973 757.2
973 971 757.2
974 975 159.07
975 974 159.07
974 976 568.02
976 974 568.02
977 978 117.9
978 977 117.9
966 979 10.28
979 966 10.28
966 980 220.31
980 966 220.31
981 982 254.99
982 981 254.99
964 983 196.55
983 964 196.55
964 984 14.36
984 964 14.36
985 986 121.53
986 985 121.53
987 988 195.21
988 987 195.21
982 989 165.38
989 982 165.38
980 990 13.1
990 980 13.1
980 991 102.93
991 980 102.93
988 992 38.07
992 988 38.07
991 993 8.66
993 991 8.66
983 991 52.47
991 983 52.47
994 995 94.46
995 994 94.46
983 996 16.19
996 983 16.19
997 998 108.38
998 997 108.38
988 999 16.05
999 988 16.05
1000 1001 28.48
1001 1000 28.48
1002 1003 45.74
1003 1002 45.74
1003 1004 5.71
1004 1003 5.71
1005 1006 90.08
1006 1005 90.08
1003 1007 123.75
1007 1003 123.75
1003 1008 123.75
1008 1003 123.75
1007 1008 123.75
1008 1007 123.75
1001 1009 44.04
1009 1001 44.04
982 1010 26.36
1010 982 26.36
994 1002 40.76
1002 994 40.76
1002 1011 81.08
1011 1002 81.08
1012 1013 61.69
1013 1012 61.69
1012 1014 61.69
1014 1012 61.69
1013 1014 0.0
1014 1013 0.0
994 1013 10.9
1013 994 10.9
994 1014 10.9
1014 994 10.9
994 1010 44.32
1010 994 44.32
1006 1009 11.36
1009 1006 11.36
1010 1015 171.87
1015 1010 171.87
1006 1016 23.94
1016 1006 23.94
1013 1017 62.41
1017 1013 62.41
1014 1017 62.41
1017 1014 62.41
1018 1019 16.69
1019 1018 16.69
1019 1020 48.09
1020 1019 48.09
1015 1019 44.59
1019 1015 44.59
1012 1021 14.63
1021 1012 14.63
1012 1022 51.3
1022 1012 51.3
1021 1023 31.58
1023 1021 31.58
1008 1011 67.01
1011 1008 67.01
1022 1024 14.1
1024 1022 14.1
1022 1025 106.34
1025 1022 106.34
1015 1025 48.83
1025 1015 48.83
1015 1020 35.05
1020 1015 35.05
1021 1026 39.52
1026 1021 39.52
1021 1027 12.62
1027 1021 12.62
1017 1028 17.28
1028 1017 17.28
1017 1029 25.06
1029 1017 25.06
1030 1031 253.23
1031 1030 253.23
1032 1033 140.36
1033 1032 140.36
1034 1035 142.51
1035 1034 142.51
1024 1036 12.75
1036 1024 12.75
1024 1026 39.98
1026 1024 39.98
1024 1037 32.66
1037 1024 32.66
1011 1028 10.54
1028 1011 10.54
1026 1038 12.07
1038 1026 12.07
1028 1039 3.41
1039 1028 3.41
1020 1040 25.69
1040 1020 25.69
1039 1041 69.82
1041 1039 69.82
1029 1039 15.96
1039 1029 15.96
1029 1042 19.77
1042 1029 19.77
1041 1042 32.65
1042 1041 32.65
1043 1044 0.0
1044 1043 0.0
1042 1043 31.96
1043 1042 31.96
1042 1044 31.96
1044 1042 31.96
1043 1045 36.15
1045 1043 36.15
1044 1045 36.15
1045 1044 36.15
1026 1045 13.81
1045 1026 13.81
1043 1046 18.96
1046 1043 18.96
1043 1047 18.96
1047 1043 18.96
1044 1046 18.96
1046 1044 18.96
1044 1047 18.96
1047 1044 18.96
1046 1047 18.96
1047 1046 18.96
1040 1048 85.7
1048 1040 85.7
1040 1049 335.54
1049 1040 335.54
1040 1050 335.54
1050 1040 335.54
1040 1051 335.54
1051 1040 335.54
1049 1050 0.0
1050 1049 0.0
1049 1051 0.0
1051 1049 0.0
1050 1051 0.0
1051 1050 0.0
1049 1052 88.19
1052 1049 88.19
1050 1052 88.19
1052 1050 88.19
1051 1052 88.19
1052 1051 88.19
1052 1053 14.14
1053 1052 14.14
1053 1054 44.91
1054 1053 44.91
1025 1055 37.0
1055 1025 37.0
1055 1056 94.32
1056 1055 94.32
1045 1055 94.32
1055 1045 94.32
1045 1056 94.32
1056 1045 94.32
1025 1048 24.24
1048 1025 24.24
1046 1057 50.23
1057 1046 50.23
1056 1057 13.19
1057 1056 13.19
1057 1058 21.76
1058 1057 21.76
1041 1059 16.88
1059 1041 16.88
1060 1061 21.43
1061 1060 21.43
1048 1060 37.46
1060 1048 37.46
1062 1063 47.63
1063 1062 47.63
1060 1062 36.96
1062 1060 36.96
1055 1060 35.14
1060 1055 35.14
1049 1062 99.45
1062 1049 99.45
1050 1062 99.45
1062 1050 99.45
1051 1062 99.45
1062 1051 99.45
1064 1065 79.05
1065 1064 79.05
1066 1067 658.66
1067 1066 658.66
974 1068 48.23
1068 974 48.23
974 1069 66.45
1069 974 66.45
1052 1070 553.24
1070 1052 553.24
1052 1071 46.94
1071 1052 46.94
1071 1072 143.02
1072 1071 143.02
1065 1071 143.02
1071 1065 143.02
1065 1072 143.02
1072 1065 143.02
1065 1073 18.61
1073 1065 18.61
1072 1074 13.2
1074 1072 13.2
1074 1075 3.17
1075 1074 3.17
1076 1077 57.63
1077 1076 57.63
1071 1074 9.71
1074 1071 9.71
1053 1078 175.24
1078 1053 175.24
1053 1079 53.75
1079 1053 53.75
1080 1081 29.65
1081 1080 29.65
1079 1082 3.61
1082 1079 3.61
1079 1081 39.57
1081 1079 39.57
975 1083 23.65
1083 975 23.65
971 1083 17.16
1083 971 17.16
1076 1084 218.59
1084 1076 218.59
972 1083 5.56
1083 972 5.56
972 1085 50.85
1085 972 50.85
1076 1086 43.31
1086 1076 43.31
975 1054 240.58
1054 975 240.58
1054 1081 97.12
1081 1054 97.12
1081 1087 41.0
1087 1081 41.0
907 915 12.03
915 907 12.03
909 917 11.98
917 909 11.98
915 917 12.09
917 915 12.09
900 907 11.87
907 900 11.87
900 905 11.97
905 900 11.97
905 913 12.09
913 905 12.09
911 913 11.99
913 911 11.99
909 911 12.13
911 909 12.13
1088 1089 29.19
1089 1088 29.19
1089 1090 70.75
1090 1089 70.75
1089 1091 136.48
1091 1089 136.48
1092 1093 179.63
1093 1092 179.63
1092 1094 67.59
1094 1092 67.59
1095 1096 56.51
1096 1095 56.51
1092 1096 196.14
1096 1092 196.14
1096 1097 55.25
1097 1096 55.25
1098 1099 14.02
1099 1098 14.02
1100 1101 16.02
1101 1100 16.02
1101 1102 36.69
1102 1101 36.69
1103 1104 12.93
1104 1103 12.93
1105 1106 49.12
1106 1105 49.12
1106 1107 312.33
1107 1106 312.33
1107 1108 57.51
1108 1107 57.51
1102 1108 17.3
1108 1102 17.3
1100 1109 737.46
1109 1100 737.46
1103 1109 43.57
1109 1103 43.57
1110 1111 4.82
1111 1110 4.82
1111 1112 51.43
1112 1111 51.43
1105 1112 57.88
1112 1105 57.88
1113 1114 27.13
1114 1113 27.13
1114 1115 29.37
1115 1114 29.37
1102 1114 54.03
1114 1102 54.03
1100 1102 85.87
1102 1100 85.87
1101 1116 15.88
1116 1101 15.88
1116 1117 14.86
1117 1116 14.86
1115 1116 51.47
1116 1115 51.47
1109 1115 754.42
1115 1109 754.42
1118 1119 61.04
1119 1118 61.04
1120 1121 14.66
1121 1120 14.66
1118 1121 78.91
1121 1118 78.91
1118 1122 215.61
1122 1118 215.61
1121 1123 55.98
1123 1121 55.98
1120 1124 25.2
1124 1120 25.2
1120 1125 34.94
1125 1120 34.94
1122 1125 20.43
1125 1122 20.43
1124 1125 25.5
1125 1124 25.5
1124 1126 22.67
1126 1124 22.67
1122 1127 29.41
1127 1122 29.41
1122 1126 36.19
1126 1122 36.19
1123 1126 28.99
1126 1123 28.99
1123 1128 438.3
1128 1123 438.3
1129 1130 86.77
1130 1129 86.77
1129 1131 1.27
1131 1129 1.27
1129 1132 102.04
1132 1129 102.04
1131 1133 26.67
1133 1131 26.67
1134 1135 10.32
1135 1134 10.32
1136 1137 17.65
1137 1136 17.65
1138 1139 67.2
1139 1138 67.2
1137 1139 34.71
1139 1137 34.71
1141 1142 3.5
1142 1141 3.5
1140 1142 180.23
1142 1140 180.23
1140 1143 17.92
1143 1140 17.92
1139 1143 5.67
1143 1139 5.67
1137 1145 20.84
1145 1137 20.84
1137 1146 22.89
1146 1137 22.89
1143 1145 15.27
1145 1143 15.27
1136 1147 23.05
1147 1136 23.05
1144 1145 6.69
1145 1144 6.69
1136 1144 33.23
1144 1136 33.23
1142 1148 9.17
1148 1142 9.17
1149 1150 13.83
1150 1149 13.83
1151 1152 42.17
1152 1151 42.17
1152 1153 54.22
1153 1152 54.22
1112 1154 18.94
1154 1112 18.94
1154 1155 26.22
1155 1154 26.22
1110 1153 38.1
1153 1110 38.1
1110 1149 17.0
1149 1110 17.0
1155 1156 40.49
1156 1155 40.49
1150 1155 7.95
1155 1150 7.95
1111 1150 19.48
1150 1111 19.48
1157 1158 3.74
1158 1157 3.74
1157 1160 18.87
1160 1157 18.87
1161 1162 45.32
1162 1161 45.32
1162 1163 10.4
1163 1162 10.4
1163 1164 5.17
1164 1163 5.17
1160 1164 6.92
1164 1160 6.92
1159 1163 4.67
1163 1159 4.67
1165 1166 32.67
1166 1165 32.67
1162 1167 16.96
1167 1162 16.96
1162 1168 26.53
1168 1162 26.53
1152 1169 18.8
1169 1152 18.8
1152 1170 58.53
1170 1152 58.53
1166 1171 25.11
1171 1166 25.11
1166 1172 78.14
1172 1166 78.14
1173 1174 0.04
1174 1173 0.04
1106 1175 108.81
1175 1106 108.81
1108 1176 46.84
1176 1108 46.84
1177 1178 856.46
1178 1177 856.46
1179 1180 1087.1
1180 1179 1087.1
1181 1182 250.43
1182 1181 250.43
1183 1184 26.7
1184 1183 26.7
1185 1186 430.79
1186 1185 430.79
1187 1188 53.33
1188 1187 53.33
1187 1189 31.0
1189 1187 31.0
1187 1190 35.82
1190 1187 35.82
1185 1191 62.07
1191 1185 62.07
1185 1189 22.52
1189 1185 22.52
1189 1191 8.29
1191 1189 8.29
1190 1191 25.11
1191 1190 25.11
1190 1192 46.42
1192 1190 46.42
1192 1194 28.66
1194 1192 28.66
1192 1195 47.2
1195 1192 47.2
1193 1196 16.32
1196 1193 16.32
1196 1197 188.58
1197 1196 188.58
1196 1198 113.14
1198 1196 113.14
1193 1199 96.74
1199 1193 96.74
1194 1197 89.06
1197 1194 89.06
1194 1195 53.67
1195 1194 53.67
1195 1197 202.77
1197 1195 202.77
1199 1200 55.89
1200 1199 55.89
1199 1201 5.71
1201 1199 5.71
1202 1203 563.87
1203 1202 563.87
1202 1204 31.43
1204 1202 31.43
1205 1206 2080.26
1206 1205 2080.26
1207 1208 32.34
1208 1207 32.34
1208 1209 67.84
1209 1208 67.84
1209 1210 143.66
1210 1209 143.66
1211 1212 14.6
1212 1211 14.6
1213 1214 185.5
1214 1213 185.5
1209 1215 48.18
1215 1209 48.18
1216 1217 12.37
1217 1216 12.37
1216 1218 7.3
1218 1216 7.3
1217 1219 10.07
1219 1217 10.07
1220 1221 58.45
1221 1220 58.45
1208 1220 58.93
1220 1208 58.93
1208 1221 50.54
1221 1208 50.54
1219 1220 165.19
1220 1219 165.19
1219 1222 64.88
1222 1219 64.88
1221 1223 65.99
1223 1221 65.99
1214 1224 32.88
1224 1214 32.88
1214 1225 9.2
1225 1214 9.2
1225 1226 39.72
1226 1225 39.72
1222 1225 27.65
1225 1222 27.65
1222 1226 37.93
1226 1222 37.93
1223 1227 68.76
1227 1223 68.76
1223 1228 89.52
