1 2 26.11
2 1 26.11
3 4 14.22
4 3 14.22
5 6 168.98
6 5 168.98
3 5 256.17
5 3 256.17
7 8 17.04
8 7 17.04
9 10 124.5
10 9 124.5
11 12 36.03
12 11 36.03
11 13 20.36
13 11 20.36
14 15 80.41
15 14 80.41
15 16 27.53
16 15 27.53
15 17 17.4
17 15 17.4
18 19 22.09
19 18 22.09
1 20 34.64
20 1 34.64
16 21 27.83
21 16 27.83
22 23 34.77
23 22 34.77
21 24 61.49
24 21 61.49
23 25 77.45
25 23 77.45
21 26 16.96
26 21 16.96
23 27 45.62
27 23 45.62
19 28 45.32
28 19 45.32
25 29 11.78
29 25 11.78
24 30 3.83
30 24 3.83
31 32 34.8
32 31 34.8
19 33 93.43
33 19 93.43
20 31 4.87
31 20 4.87
34 35 56.96
35 34 56.96
30 36 13.03
36 30 13.03
37 38 48.43
38 37 48.43
33 39 11.99
39 33 11.99
24 38 4.16
38 24 4.16
40 41 25.47
41 40 25.47
35 41 35.34
41 35 35.34
42 43 332.35
43 42 332.35
44 45 12.41
45 44 12.41
44 46 59.62
46 44 59.62
40 46 17.43
46 40 17.43
20 47 16.48
47 20 16.48
48 49 27.66
49 48 27.66
50 51 39.76
51 50 39.76
40 49 26.0
49 40 26.0
41 49 25.74
49 41 25.74
52 53 24.79
53 52 24.79
54 55 21.39
55 54 21.39
56 57 49.87
57 56 49.87
57 58 46.08
58 57 46.08
55 59 238.22
59 55 238.22
60 61 434.21
61 60 434.21
61 62 457.45
62 61 457.45
60 62 86.63
62 60 86.63
63 64 16.71
64 63 16.71
65 66 45.63
66 65 45.63
66 67 4.25
67 66 4.25
68 69 56.9
69 68 56.9
70 71 22.16
71 70 22.16
72 73 34.23
73 72 34.23
74 75 26.53
75 74 26.53
76 77 347.5
77 76 347.5
76 78 164.7
78 76 164.7
17 79 1.32
79 17 1.32
80 81 31.19
81 80 31.19
82 83 12.63
83 82 12.63
81 84 41.68
84 81 41.68
85 86 35.4
86 85 35.4
87 88 56.27
88 87 56.27
87 89 104.93
89 87 104.93
87 90 52.66
90 87 52.66
91 92 85.31
92 91 85.31
93 94 95.39
94 93 95.39
95 96 79.08
96 95 79.08
94 97 27.7
97 94 27.7
98 99 38.93
99 98 38.93
99 100 46.02
100 99 46.02
87 101 69.53
101 87 69.53
102 103 4.09
103 102 4.09
94 101 46.75
101 94 46.75
90 101 37.85
101 90 37.85
99 104 133.01
104 99 133.01
99 105 39.65
105 99 39.65
106 107 46.11
107 106 46.11
108 109 112.74
109 108 112.74
103 110 108.79
110 103 108.79
111 112 39.52
112 111 39.52
113 114 61.95
114 113 61.95
115 116 2.35
116 115 2.35
117 118 19.96
118 117 19.96
119 120 21.13
120 119 21.13
121 122 20.67
122 121 20.67
123 124 51.84
124 123 51.84
124 125 7.91
125 124 7.91
126 127 11.57
127 126 11.57
128 129 46.71
129 128 46.71
126 130 7.45
130 126 7.45
130 131 8.46
131 130 8.46
131 132 10.5
132 131 10.5
129 133 59.03
133 129 59.03
134 135 0.04
135 134 0.04
136 137 12.24
137 136 12.24
138 139 9.23
139 138 9.23
140 141 31.8
141 140 31.8
142 143 25.92
143 142 25.92
144 145 31.86
145 144 31.86
146 147 19.98
147 146 19.98
148 149 11.75
149 148 11.75
150 151 27.79
151 150 27.79
152 153 18.68
153 152 18.68
151 154 35.52
154 151 35.52
149 155 7.73
155 149 7.73
156 157 103.47
157 156 103.47
158 159 33.44
159 158 33.44
160 161 22.75
161 160 22.75
156 162 18.11
162 156 18.11
163 164 24.58
164 163 24.58
165 166 94.58
166 165 94.58
156 167 11.89
167 156 11.89
26 168 2.15
168 26 2.15
83 169 12.57
169 83 12.57
36 170 38.93
170 36 38.93
168 171 10.29
171 168 10.29
14 172 54.09
172 14 54.09
170 171 10.26
171 170 10.26
17 172 8.9
172 17 8.9
173 174 218.51
174 173 218.51
175 176 41.19
176 175 41.19
177 178 15.33
178 177 15.33
26 177 4.17
177 26 4.17
169 177 3.9
177 169 3.9
176 179 8.67
179 176 8.67
180 181 20.2
181 180 20.2
82 180 3.61
180 82 3.61
182 183 79.85
183 182 79.85
79 180 6.57
180 79 6.57
184 185 15.23
185 184 15.23
178 181 5.13
181 178 5.13
83 181 3.97
181 83 3.97
183 186 108.12
186 183 108.12
187 188 83.62
188 187 83.62
189 190 0.78
190 189 0.78
191 192 28.53
192 191 28.53
193 194 75.97
194 193 75.97
190 195 0.78
195 190 0.78
189 196 0.78
196 189 0.78
186 193 72.58
193 186 72.58
195 197 0.78
197 195 0.78
175 198 34.38
198 175 34.38
182 199 227.6
199 182 227.6
200 201 127.83
201 200 127.83
201 202 113.5
202 201 113.5
203 204 14.64
204 203 14.64
205 206 15.99
206 205 15.99
197 207 6.18
207 197 6.18
208 209 13.55
209 208 13.55
210 211 24.32
211 210 24.32
208 212 22.19
212 208 22.19
213 214 3.33
214 213 3.33
214 215 8.17
215 214 8.17
216 217 0.78
217 216 0.78
208 218 11.33
218 208 11.33
217 219 0.78
219 217 0.78
208 220 6.83
220 208 6.83
221 222 0.78
222 221 0.78
223 224 6.15
224 223 6.15
216 222 0.78
222 216 0.78
224 225 10.27
225 224 10.27
226 227 22.02
227 226 22.02
197 228 6.64
228 197 6.64
219 228 6.53
228 219 6.53
16 228 8.96
228 16 8.96
207 228 0.54
228 207 0.54
220 229 3.58
229 220 3.58
68 230 16.95
230 68 16.95
231 232 54.14
232 231 54.14
233 234 16.2
234 233 16.2
235 236 12.68
236 235 12.68
207 233 0.41
233 207 0.41
224 235 41.74
235 224 41.74
237 238 59.19
238 237 59.19
229 239 16.7
239 229 16.7
196 240 3.04
240 196 3.04
192 240 4.99
240 192 4.99
207 240 4.01
240 207 4.01
219 233 5.64
233 219 5.64
241 242 14.96
242 241 14.96
243 244 19.53
244 243 19.53
218 243 10.6
243 218 10.6
243 245 12.01
245 243 12.01
246 247 8.64
247 246 8.64
242 248 15.25
248 242 15.25
215 249 4.14
249 215 4.14
249 250 24.34
250 249 24.34
251 252 10.08
252 251 10.08
253 254 19.82
254 253 19.82
247 255 8.83
255 247 8.83
247 250 82.05
250 247 82.05
249 256 2.79
256 249 2.79
249 251 47.26
251 249 47.26
155 257 20.91
257 155 20.91
257 258 20.68
258 257 20.68
143 258 7.39
258 143 7.39
159 258 3.64
258 159 3.64
143 257 17.48
257 143 17.48
259 260 85.04
260 259 85.04
259 261 25.61
261 259 25.61
262 263 23.05
263 262 23.05
263 264 6.17
264 263 6.17
265 266 44.72
266 265 44.72
267 268 425.35
268 267 425.35
268 269 46.38
269 268 46.38
268 270 18.65
270 268 18.65
271 272 16.84
272 271 16.84
273 274 117.77
274 273 117.77
274 275 64.53
275 274 64.53
276 277 192.49
277 276 192.49
278 279 32.61
279 278 32.61
280 281 13.23
281 280 13.23
280 282 10.81
282 280 10.81
280 283 17.94
283 280 17.94
284 285 139.53
285 284 139.53
286 287 1.19
287 286 1.19
288 289 1.04
289 288 1.04
290 291 22.74
291 290 22.74
292 293 8.95
293 292 8.95
294 295 11.02
295 294 11.02
30 296 32.97
296 30 32.97
297 298 8.76
298 297 8.76
299 300 21.67
300 299 21.67
38 296 23.22
296 38 23.22
234 296 54.88
296 234 54.88
301 302 19.86
302 301 19.86
301 303 9.4
303 301 9.4
301 304 5.6
304 301 5.6
305 306 329.27
306 305 329.27
307 308 14.46
308 307 14.46
309 310 84.64
310 309 84.64
311 312 53.77
312 311 53.77
311 313 22.01
313 311 22.01
313 314 53.73
314 313 53.73
312 314 21.52
314 312 21.52
315 316 54.39
316 315 54.39
313 317 39.46
317 313 39.46
311 315 39.45
315 311 39.45
317 318 54.41
318 317 54.41
316 318 23.13
318 316 23.13
315 317 22.93
317 315 22.93
319 320 21.97
320 319 21.97
321 322 32.48
322 321 32.48
323 324 53.99
324 323 53.99
325 326 25.89
326 325 25.89
327 328 41.42
328 327 41.42
146 327 9.89
327 146 9.89
329 330 0.3
330 329 0.3
331 332 165.59
332 331 165.59
333 334 7.36
334 333 7.36
335 336 99.32
336 335 99.32
337 338 18.19
338 337 18.19
337 339 40.26
339 337 40.26
340 341 12.58
341 340 12.58
337 341 5.61
341 337 5.61
342 343 10.39
343 342 10.39
343 344 29.67
344 343 29.67
342 345 32.36
345 342 32.36
346 347 133.47
347 346 133.47
333 348 19.18
348 333 19.18
349 350 74.8
350 349 74.8
350 351 14.42
351 350 14.42
345 352 4.4
352 345 4.4
353 354 18.74
354 353 18.74
355 356 31.69
356 355 31.69
357 358 20.39
358 357 20.39
359 360 20.38
360 359 20.38
360 361 9.77
361 360 9.77
284 362 77.91
362 284 77.91
362 363 93.23
363 362 93.23
362 364 75.14
364 362 75.14
365 366 16.0
366 365 16.0
367 368 5.57
368 367 5.57
366 367 7.33
367 366 7.33
365 369 14.35
369 365 14.35
367 369 10.85
369 367 10.85
290 370 14.42
370 290 14.42
371 372 23.83
372 371 23.83
353 372 15.36
372 353 15.36
368 373 42.12
373 368 42.12
374 375 4.45
375 374 4.45
376 377 42.44
377 376 42.44
378 379 129.34
379 378 129.34
369 375 16.02
375 369 16.02
353 380 54.81
380 353 54.81
380 381 5.13
381 380 5.13
382 383 54.76
383 382 54.76
382 384 4.63
384 382 4.63
376 385 35.94
385 376 35.94
386 387 17.3
387 386 17.3
387 388 10.41
388 387 10.41
389 390 58.49
390 389 58.49
391 392 136.95
392 391 136.95
390 393 4.53
393 390 4.53
382 390 17.65
390 382 17.65
380 394 17.65
394 380 17.65
394 395 4.96
395 394 4.96
396 397 19.5
397 396 19.5
398 399 3.58
399 398 3.58
376 400 29.85
400 376 29.85
371 401 24.26
401 371 24.26
372 401 24.74
401 372 24.74
394 402 54.73
402 394 54.73
402 403 19.59
403 402 19.59
401 402 15.44
402 401 15.44
404 405 35.49
405 404 35.49
403 406 36.42
406 403 36.42
407 408 52.65
408 407 52.65
409 410 25.36
410 409 25.36
411 412 41.19
412 411 41.19
413 414 50.9
414 413 50.9
377 415 32.06
415 377 32.06
376 415 28.02
415 376 28.02
414 416 41.13
416 414 41.13
400 417 41.16
417 400 41.16
376 417 51.19
417 376 51.19
348 418 34.83
418 348 34.83
419 420 0.37
420 419 0.37
421 422 33.42
422 421 33.42
421 423 53.01
423 421 53.01
424 425 67.73
425 424 67.73
333 426 6.8
426 333 6.8
418 426 17.08
426 418 17.08
427 428 31.46
428 427 31.46
429 430 49.55
430 429 49.55
428 431 9.58
431 428 9.58
432 433 15.38
433 432 15.38
434 435 15.73
435 434 15.73
436 437 16.39
437 436 16.39
334 438 16.85
438 334 16.85
439 440 16.12
440 439 16.12
441 442 15.21
442 441 15.21
443 444 16.11
444 443 16.11
445 446 15.38
446 445 15.38
447 448 15.56
448 447 15.56
348 449 29.59
449 348 29.59
385 450 36.21
450 385 36.21
417 450 3.66
450 417 3.66
451 452 15.71
452 451 15.71
400 453 41.46
453 400 41.46
57 454 162.26
454 57 162.26
455 456 7.16
456 455 7.16
456 457 26.42
457 456 26.42
458 459 19.04
459 458 19.04
460 461 50.62
461 460 50.62
460 462 59.62
462 460 59.62
460 463 19.54
463 460 19.54
464 465 10.03
465 464 10.03
466 467 29.51
467 466 29.51
468 469 16.4
469 468 16.4
469 470 28.38
470 469 28.38
465 471 29.87
471 465 29.87
457 471 9.57
471 457 9.57
471 472 18.27
472 471 18.27
464 473 13.68
473 464 13.68
457 474 14.34
474 457 14.34
458 474 9.14
474 458 9.14
467 475 24.5
475 467 24.5
467 476 16.45
476 467 16.45
477 478 48.33
478 477 48.33
479 480 27.76
480 479 27.76
479 481 35.99
481 479 35.99
479 482 32.47
482 479 32.47
480 481 39.99
481 480 39.99
151 483 22.78
483 151 22.78
483 484 36.03
484 483 36.03
485 486 5.96
486 485 5.96
482 487 18.94
487 482 18.94
483 485 15.63
485 483 15.63
150 485 33.0
485 150 33.0
488 489 85.09
489 488 85.09
484 488 12.92
488 484 12.92
154 488 13.53
488 154 13.53
480 490 192.51
490 480 192.51
482 491 43.39
491 482 43.39
479 491 38.01
491 479 38.01
492 493 135.62
493 492 135.62
494 495 68.58
495 494 68.58
496 497 15.42
497 496 15.42
498 499 27.47
499 498 27.47
500 501 7.86
501 500 7.86
502 503 13.51
503 502 13.51
504 505 7.66
505 504 7.66
506 507 51.08
507 506 51.08
508 509 23.76
509 508 23.76
506 510 7.59
510 506 7.59
511 512 10.54
512 511 10.54
513 514 6.65
514 513 6.65
507 515 9.35
515 507 9.35
515 516 43.73
516 515 43.73
517 518 4.92
518 517 4.92
506 518 57.61
518 506 57.61
510 519 8.28
519 510 8.28
518 519 42.01
519 518 42.01
510 516 8.81
516 510 8.81
520 521 12.33
521 520 12.33
516 522 10.42
522 516 10.42
515 523 10.53
523 515 10.53
522 523 43.61
523 522 43.61
524 525 8.5
525 524 8.5
526 527 31.9
527 526 31.9
528 529 48.69
529 528 48.69
530 531 0.11
531 530 0.11
293 532 19.75
532 293 19.75
533 534 6.31
534 533 6.31
535 536 15.74
536 535 15.74
537 538 0.91
538 537 0.91
539 540 30.78
540 539 30.78
537 541 4.54
541 537 4.54
539 542 15.65
542 539 15.65
541 543 7.05
543 541 7.05
544 545 231.09
545 544 231.09
544 546 80.99
546 544 80.99
547 548 10.97
548 547 10.97
547 549 19.25
549 547 19.25
527 550 727.32
550 527 727.32
551 552 3.32
552 551 3.32
551 553 1.29
553 551 1.29
554 555 24.57
555 554 24.57
556 557 1.75
557 556 1.75
558 559 15.78
559 558 15.78
541 556 3.12
556 541 3.12
547 559 9.57
559 547 9.57
553 560 1.48
560 553 1.48
560 561 5.11
561 560 5.11
561 562 1.13
562 561 1.13
555 563 58.98
563 555 58.98
564 565 15.11
565 564 15.11
566 567 29.22
567 566 29.22
558 564 27.83
564 558 27.83
551 562 1.36
562 551 1.36
552 560 3.47
560 552 3.47
568 569 1.49
569 568 1.49
569 570 1.08
570 569 1.08
570 571 1.52
571 570 1.52
561 572 1.44
572 561 1.44
568 572 1.15
572 568 1.15
573 574 12.62
574 573 12.62
551 569 0.94
569 551 0.94
556 575 3.35
575 556 3.35
570 575 1.25
575 570 1.25
557 575 1.51
575 557 1.51
564 576 12.24
576 564 12.24
572 577 1.06
577 572 1.06
571 577 1.11
577 571 1.11
578 579 47.54
579 578 47.54
580 581 1.76
581 580 1.76
556 582 3.1
582 556 3.1
577 582 1.41
582 577 1.41
557 582 1.26
582 557 1.26
538 583 0.93
583 538 0.93
584 585 0.97
585 584 0.97
585 586 1.58
586 585 1.58
537 584 2.38
584 537 2.38
538 584 1.48
584 538 1.48
537 583 1.81
583 537 1.81
586 587 0.97
587 586 0.97
587 588 0.99
588 587 0.99
580 588 1.01
588 580 1.01
581 585 1.03
585 581 1.03
583 587 1.09
587 583 1.09
588 589 1.65
589 588 1.65
589 590 0.79
590 589 0.79
589 591 1.02
591 589 1.02
592 593 17.46
593 592 17.46
581 594 0.84
594 581 0.84
590 594 1.72
594 590 1.72
595 596 1.52
596 595 1.52
597 598 3.22
598 597 3.22
594 597 1.04
597 594 1.04
591 599 0.98
599 591 0.98
591 596 6.42
596 591 6.42
596 598 3.05
598 596 3.05
600 601 7.9
601 600 7.9
593 601 9.26
601 593 9.26
597 599 1.83
599 597 1.83
595 597 1.05
597 595 1.05
578 602 21.13
602 578 21.13
578 603 67.44
603 578 67.44
604 605 137.64
605 604 137.64
526 606 191.78
606 526 191.78
606 607 6.72
607 606 6.72
608 609 78.71
609 608 78.71
607 610 1.08
610 607 1.08
606 610 7.25
610 606 7.25
608 611 145.43
611 608 145.43
612 613 26.63
613 612 26.63
612 614 29.02
614 612 29.02
615 616 18.73
616 615 18.73
616 617 15.54
617 616 15.54
618 619 43.73
619 618 43.73
619 620 29.76
620 619 29.76
615 621 64.87
621 615 64.87
619 621 25.24
621 619 25.24
622 623 23.24
623 622 23.24
624 625 55.89
625 624 55.89
626 627 20.25
627 626 20.25
620 628 36.27
628 620 36.27
628 629 11.87
629 628 11.87
621 629 12.59
629 621 12.59
624 630 69.45
630 624 69.45
624 629 6.97
629 624 6.97
623 631 8.56
631 623 8.56
623 632 19.26
632 623 19.26
633 634 18.4
634 633 18.4
620 635 25.58
635 620 25.58
635 636 14.23
636 635 14.23
637 638 115.12
638 637 115.12
639 640 25.56
640 639 25.56
633 641 19.43
641 633 19.43
641 642 57.31
642 641 57.31
633 639 43.13
639 633 43.13
640 642 1.67
642 640 1.67
643 644 59.11
644 643 59.11
645 646 410.12
646 645 410.12
645 647 248.12
647 645 248.12
648 649 25.64
649 648 25.64
650 651 119.72
651 650 119.72
55 650 507.03
650 55 507.03
650 652 393.09
652 650 393.09
653 654 7.69
654 653 7.69
655 656 7.14
656 655 7.14
656 657 107.27
657 656 107.27
658 659 39.59
659 658 39.59
659 660 47.81
660 659 47.81
661 662 26.09
662 661 26.09
663 664 11.61
664 663 11.61
665 666 5.76
666 665 5.76
665 667 5.96
667 665 5.96
668 669 3.68
669 668 3.68
670 671 9.56
671 670 9.56
672 673 19.93
673 672 19.93
519 674 11.35
674 519 11.35
675 676 18.97
676 675 18.97
675 677 12.95
677 675 12.95
678 679 14.9
679 678 14.9
680 681 57.54
681 680 57.54
675 678 6.57
678 675 6.57
680 682 6.56
682 680 6.56
680 683 50.73
683 680 50.73
671 677 6.69
677 671 6.69
523 683 8.36
683 523 8.36
517 681 6.7
681 517 6.7
674 681 42.13
681 674 42.13
684 685 9.71
685 684 9.71
674 682 8.68
682 674 8.68
686 687 19.08
687 686 19.08
522 682 9.03
682 522 9.03
686 688 6.51
688 686 6.51
689 690 58.32
690 689 58.32
691 692 19.05
692 691 19.05
689 693 6.05
693 689 6.05
685 694 20.65
694 685 20.65
684 695 17.51
695 684 17.51
684 688 3.44
688 684 3.44
696 697 20.37
697 696 20.37
691 696 6.27
696 691 6.27
698 699 20.33
699 698 20.33
696 698 3.34
698 696 3.34
686 691 3.39
691 686 3.39
700 701 587.53
701 700 587.53
702 703 18.85
703 702 18.85
702 704 5.05
704 702 5.05
705 706 37.51
706 705 37.51
707 708 18.92
708 707 18.92
698 707 6.6
707 698 6.6
704 709 14.43
709 704 14.43
704 707 2.97
707 704 2.97
693 706 24.73
706 693 24.73
710 711 43.35
711 710 43.35
712 713 6.63
713 712 6.63
714 715 150.66
715 714 150.66
716 717 45.02
717 716 45.02
711 718 54.09
718 711 54.09
718 719 52.54
719 718 52.54
720 721 7.99
721 720 7.99
104 721 10.28
721 104 10.28
717 722 136.55
722 717 136.55
711 723 55.12
723 711 55.12
723 724 32.23
724 723 32.23
725 726 28.3
726 725 28.3
726 727 59.95
727 726 59.95
728 729 22.31
729 728 22.31
730 731 18.6
731 730 18.6
732 733 22.8
733 732 22.8
734 735 5.59
735 734 5.59
729 736 8.16
736 729 8.16
501 737 8.51
737 501 8.51
738 739 29.13
739 738 29.13
740 741 6.18
741 740 6.18
742 743 55.37
743 742 55.37
744 745 75.35
745 744 75.35
744 746 38.68
746 744 38.68
746 747 35.57
747 746 35.57
748 749 8.04
749 748 8.04
750 751 35.32
751 750 35.32
752 753 92.96
753 752 92.96
754 755 34.64
755 754 34.64
752 754 48.22
754 752 48.22
756 757 19.0
757 756 19.0
685 756 6.34
756 685 6.34
678 756 8.09
756 678 8.09
758 759 121.27
759 758 121.27
759 760 149.13
760 759 149.13
761 762 17.68
762 761 17.68
702 761 9.02
761 702 9.02
763 764 30.34
764 763 30.34
765 766 17.43
766 765 17.43
767 768 86.2
768 767 86.2
768 769 65.95
769 768 65.95
770 771 72.68
771 770 72.68
770 772 59.14
772 770 59.14
768 770 131.6
770 768 131.6
772 773 14.38
773 772 14.38
774 775 10.07
775 774 10.07
765 776 18.05
776 765 18.05
777 778 38.61
778 777 38.61
778 779 32.25
779 778 32.25
780 781 40.48
781 780 40.48
773 781 160.59
781 773 160.59
780 782 18.16
782 780 18.16
783 784 266.96
784 783 266.96
785 786 101.64
786 785 101.64
787 788 57.54
788 787 57.54
59 789 78.02
789 59 78.02
790 791 18.86
791 790 18.86
59 788 117.49
788 59 117.49
783 792 39.17
792 783 39.17
792 793 104.17
793 792 104.17
191 794 33.52
794 191 33.52
795 796 20.55
796 795 20.55
37 191 83.81
191 37 83.81
797 798 82.47
798 797 82.47
799 800 10.82
800 799 10.82
801 802 11.34
802 801 11.34
803 804 132.25
804 803 132.25
805 806 12.27
806 805 12.27
807 808 47.63
808 807 47.63
807 809 37.43
809 807 37.43
810 811 69.36
811 810 69.36
812 813 15.69
813 812 15.69
809 814 25.43
814 809 25.43
815 816 18.49
816 815 18.49
807 814 25.25
814 807 25.25
817 818 0.94
818 817 0.94
819 820 6.51
820 819 6.51
812 815 14.88
815 812 14.88
820 821 20.21
821 820 20.21
822 823 80.36
823 822 80.36
823 824 167.01
824 823 167.01
820 825 16.0
825 820 16.0
819 826 13.74
826 819 13.74
827 828 27.19
828 827 27.19
829 830 21.09
830 829 21.09
829 831 54.7
831 829 54.7
832 833 24.76
833 832 24.76
832 834 6.48
834 832 6.48
819 835 20.06
835 819 20.06
836 837 31.3
837 836 31.3
821 835 5.36
835 821 5.36
836 838 33.23
838 836 33.23
814 830 53.31
830 814 53.31
837 839 24.28
839 837 24.28
821 840 63.51
840 821 63.51
833 837 12.63
837 833 12.63
562 568 1.23
568 562 1.23
557 571 1.34
571 557 1.34
595 598 1.92
598 595 1.92
841 842 14.82
842 841 14.82
552 553 2.27
553 552 2.27
830 842 25.56
842 830 25.56
553 562 2.58
562 553 2.58
842 843 7.62
843 842 7.62
568 571 1.07
571 568 1.07
835 844 41.82
844 835 41.82
538 586 1.03
586 538 1.03
829 843 21.91
843 829 21.91
595 599 3.21
599 595 3.21
590 599 1.04
599 590 1.04
580 590 1.34
590 580 1.34
843 845 35.47
845 843 35.47
580 586 0.99
586 580 0.99
845 846 17.26
846 845 17.26
844 847 13.84
847 844 13.84
845 848 16.88
848 845 16.88
848 849 11.61
849 848 11.61
736 850 19.04
850 736 19.04
849 851 10.6
851 849 10.6
848 851 12.96
851 848 12.96
846 852 16.23
852 846 16.23
844 853 26.1
853 844 26.1
854 855 7.88
855 854 7.88
849 856 31.51
856 849 31.51
854 856 4.1
856 854 4.1
853 857 13.85
857 853 13.85
846 858 21.29
858 846 21.29
852 858 17.89
858 852 17.89
854 858 19.48
858 854 19.48
859 860 12.41
860 859 12.41
856 861 20.21
861 856 20.21
862 863 25.28
863 862 25.28
864 865 5.49
865 864 5.49
861 862 5.46
862 861 5.46
862 866 11.48
866 862 11.48
854 863 31.82
863 854 31.82
851 867 52.46
867 851 52.46
863 868 13.87
868 863 13.87
869 870 22.89
870 869 22.89
867 869 19.54
869 867 19.54
861 871 12.37
871 861 12.37
862 871 10.96
871 862 10.96
872 873 12.22
873 872 12.22
867 870 20.75
870 867 20.75
870 871 7.89
871 870 7.89
872 875 16.23
875 872 16.23
876 877 8.61
877 876 8.61
878 879 23.02
879 878 23.02
873 880 26.31
880 873 26.31
859 877 47.55
877 859 47.55
872 881 12.09
881 872 12.09
882 883 4.83
883 882 4.83
884 885 14.38
885 884 14.38
869 886 39.43
886 869 39.43
884 887 38.65
887 884 38.65
888 889 11.54
889 888 11.54
880 890 13.19
890 880 13.19
273 891 35.72
891 273 35.72
873 885 8.01
885 873 8.01
885 890 7.57
890 885 7.57
892 893 8.82
893 892 8.82
884 890 22.34
890 884 22.34
892 894 71.71
894 892 71.71
894 895 7.97
895 894 7.97
896 897 13.74
897 896 13.74
896 898 12.85
898 896 12.85
896 899 13.47
899 896 13.47
895 900 24.82
900 895 24.82
893 901 8.47
901 893 8.47
902 903 46.75
903 902 46.75
903 904 23.89
904 903 23.89
905 906 13.51
906 905 13.51
878 907 15.67
907 878 15.67
903 908 13.31
908 903 13.31
907 909 22.74
909 907 22.74
879 909 15.22
909 879 15.22
876 910 49.0
910 876 49.0
911 912 199.0
912 911 199.0
876 913 70.84
913 876 70.84
910 913 50.52
913 910 50.52
914 915 182.66
915 914 182.66
910 916 80.94
916 910 80.94
916 917 54.86
917 916 54.86
913 918 38.6
918 913 38.6
919 920 23.39
920 919 23.39
921 922 36.62
922 921 36.62
923 924 25.02
924 923 25.02
925 926 17.45
926 925 17.45
925 927 13.95
927 925 13.95
928 929 15.78
929 928 15.78
930 931 15.51
931 930 15.51
932 933 15.46
933 932 15.46
934 935 15.77
935 934 15.77
936 937 15.91
937 936 15.91
938 939 761.07
939 938 761.07
940 941 30.35
941 940 30.35
940 942 89.91
942 940 89.91
943 944 15.22
944 943 15.22
945 946 13.68
946 945 13.68
6 946 370.38
946 6 370.38
947 948 4.5
948 947 4.5
4 6 575.7
6 4 575.7
4 949 32.47
949 4 32.47
950 951 23.05
951 950 23.05
952 953 9.99
953 952 9.99
954 955 81.56
955 954 81.56
954 956 32.93
956 954 32.93
957 958 5.7
958 957 5.7
959 960 58.47
960 959 58.47
961 962 322.74
962 961 322.74
963 964 16.01
964 963 16.01
965 966 74.36
966 965 74.36
966 967 49.66
967 966 49.66
965 968 13.39
968 965 13.39
968 969 31.35
969 968 31.35
965 967 20.17
967 965 20.17
967 969 11.48
969 967 11.48
970 971 31.66
971 970 31.66
211 972 21.75
972 211 21.75
973 974 47.85
974 973 47.85
972 974 28.4
974 972 28.4
975 976 109.0
976 975 109.0
977 978 27.46
978 977 27.46
979 980 31.26
980 979 31.26
981 982 33.09
982 981 33.09
983 984 36.03
984 983 36.03
972 977 30.47
977 972 30.47
974 977 48.15
977 974 48.15
985 986 14.19
986 985 14.19
985 987 73.87
987 985 73.87
985 988 28.37
988 985 28.37
693 987 100.83
987 693 100.83
690 987 21.06
987 690 21.06
711 989 11.96
989 711 11.96
990 991 4.94
991 990 4.94
992 993 8.98
993 992 8.98
994 995 6.96
995 994 6.96
993 994 7.0
994 993 7.0
996 997 292.04
997 996 292.04
998 999 16.24
999 998 16.24
1000 1001 17.86
1001 1000 17.86
1002 1003 26.45
1003 1002 26.45
1004 1005 16.69
1005 1004 16.69
60 1006 284.64
1006 60 284.64
1006 1007 242.88
1007 1006 242.88
1008 1009 9.88
1009 1008 9.88
1010 1011 154.12
1011 1010 154.12
1012 1013 12.81
1013 1012 12.81
1012 1014 2.87
1014 1012 2.87
1015 1016 42.97
1016 1015 42.97
1017 1018 2.82
1018 1017 2.82
1012 1018 10.82
1018 1012 10.82
1013 1019 2.93
1019 1013 2.93
544 1020 729.87
1020 544 729.87
1015 1021 82.27
1021 1015 82.27
1022 1023 20.14
1023 1022 20.14
1015 1024 4.73
1024 1015 4.73
1025 1026 21.57
1026 1025 21.57
1027 1028 13.7
1028 1027 13.7
1027 1029 12.02
1029 1027 12.02
1030 1031 3.14
1031 1030 3.14
1032 1033 12.62
1033 1032 12.62
1034 1035 37.85
1035 1034 37.85
1036 1037 18.78
1037 1036 18.78
969 1038 58.97
1038 969 58.97
462 1039 82.21
1039 462 82.21
1040 1041 15.6
1041 1040 15.6
424 1042 34.4
1042 424 34.4
1043 1044 33.79
1044 1043 33.79
1043 1045 68.51
1045 1043 68.51
1046 1047 13.75
1047 1046 13.75
1048 1049 39.31
1049 1048 39.31
1050 1051 11.73
1051 1050 11.73
1052 1053 25.76
1053 1052 25.76
1054 1055 24.62
1055 1054 24.62
1056 1057 22.06
1057 1056 22.06
1058 1059 24.52
1059 1058 24.52
1060 1061 38.04
1061 1060 38.04
1062 1063 7.12
1063 1062 7.12
1062 1064 47.15
1064 1062 47.15
1065 1066 55.59
1066 1065 55.59
1067 1068 11.7
1068 1067 11.7
1064 1067 7.27
1067 1064 7.27
1068 1069 23.46
1069 1068 23.46
1062 1069 10.82
1069 1062 10.82
1068 1070 7.57
1070 1068 7.57
1069 1071 8.02
1071 1069 8.02
1070 1072 7.6
1072 1070 7.6
1070 1073 6.63
1073 1070 6.63
1067 1072 11.07
1072 1067 11.07
1071 1073 11.76
1073 1071 11.76
1071 1074 11.73
1074 1071 11.73
1069 1075 23.58
1075 1069 23.58
1076 1077 16.41
1077 1076 16.41
1073 1078 11.74
1078 1073 11.74
1074 1078 11.75
1078 1074 11.75
1079 1080 8.08
1080 1079 8.08
1075 1081 8.57
1081 1075 8.57
1074 1081 5.74
1081 1074 5.74
1082 1083 10.47
1083 1082 10.47
1084 1085 3.63
1085 1084 3.63
1086 1087 30.55
1087 1086 30.55
1080 1088 10.73
1088 1080 10.73
1089 1090 10.12
1090 1089 10.12
1072 1091 24.25
1091 1072 24.25
1078 1091 7.65
1091 1078 7.65
1075 1090 10.77
1090 1075 10.77
1081 1089 8.48
1089 1081 8.48
1089 1091 23.73
1091 1089 23.73
1092 1093 8.03
1093 1092 8.03
1094 1095 30.6
1095 1094 30.6
1096 1097 41.47
1097 1096 41.47
1096 1098 26.8
1098 1096 26.8
1096 1099 40.13
1099 1096 40.13
1100 1101 13.83
1101 1100 13.83
1102 1103 23.87
1103 1102 23.87
1101 1104 14.49
1104 1101 14.49
1105 1106 22.3
1106 1105 22.3
1107 1108 40.67
1108 1107 40.67
990 1109 7.23
1109 990 7.23
1109 1110 40.37
1110 1109 40.37
1106 1111 14.84
1111 1106 14.84
1112 1113 17.36
1113 1112 17.36
1114 1115 26.81
1115 1114 26.81
1109 1116 11.94
1116 1109 11.94
1108 1116 11.12
1116 1108 11.12
1108 1112 14.68
1112 1108 14.68
990 1112 7.8
1112 990 7.8
1117 1118 44.9
1118 1117 44.9
1119 1120 16.53
1120 1119 16.53
1121 1122 140.93
1122 1121 140.93
1123 1124 34.18
1124 1123 34.18
1125 1126 13.99
1126 1125 13.99
1124 1127 11.32
1127 1124 11.32
1128 1129 54.19
1129 1128 54.19
1130 1131 15.1
1131 1130 15.1
1132 1133 134.85
1133 1132 134.85
1134 1135 172.89
1135 1134 172.89
1134 1136 130.41
1136 1134 130.41
1137 1138 24.49
1138 1137 24.49
1134 1137 196.96
1137 1134 196.96
1137 1139 140.31
1139 1137 140.31
1129 1140 36.84
1140 1129 36.84
834 1141 7.18
1141 834 7.18
1141 1142 4.21
1142 1141 4.21
832 1142 9.59
1142 832 9.59
1141 1143 3.61
1143 1141 3.61
834 1144 14.98
1144 834 14.98
833 1145 15.9
1145 833 15.9
837 1145 7.82
1145 837 7.82
1145 1146 3.37
1146 1145 3.37
836 1147 10.88
1147 836 10.88
1146 1148 7.57
1148 1146 7.57
832 1148 27.97
1148 832 27.97
1149 1150 38.98
1150 1149 38.98
1143 1149 11.21
1149 1143 11.21
1144 1149 10.32
1149 1144 10.32
1142 1151 4.77
1151 1142 4.77
1146 1147 31.18
1147 1146 31.18
1148 1152 32.98
1152 1148 32.98
1151 1153 34.3
1153 1151 34.3
1153 1154 9.74
1154 1153 9.74
1153 1155 7.37
1155 1153 7.37
1143 1156 44.19
1156 1143 44.19
1157 1158 34.15
1158 1157 34.15
1148 1154 9.92
1154 1148 9.92
366 1157 5.47
1157 366 5.47
1151 1154 23.35
1154 1151 23.35
1147 1152 19.17
1152 1147 19.17
1152 1159 30.57
1159 1152 30.57
1159 1160 27.89
1160 1159 27.89
1159 1161 19.67
1161 1159 19.67
1162 1163 20.15
1163 1162 20.15
368 1163 17.71
1163 368 17.71
1154 1161 32.09
1161 1154 32.09
1163 1164 5.79
1164 1163 5.79
1165 1166 13.08
1166 1165 13.08
1152 1161 10.21
1161 1152 10.21
1160 1161 8.54
1161 1160 8.54
1153 1160 30.2
1160 1153 30.2
368 1157 7.68
1157 368 7.68
469 1167 18.76
1167 469 18.76
375 1164 12.35
1164 375 12.35
367 1164 17.83
1164 367 17.83
1168 1169 5.42
1169 1168 5.42
1170 1171 15.13
1171 1170 15.13
1172 1173 57.61
1173 1172 57.61
1076 1173 43.63
1173 1076 43.63
1174 1175 47.44
1175 1174 47.44
1176 1177 18.76
1177 1176 18.76
1140 1174 44.31
1174 1140 44.31
1178 1179 1.02
1179 1178 1.02
1128 1180 66.82
1180 1128 66.82
1180 1181 21.43
1181 1180 21.43
1182 1183 45.19
1183 1182 45.19
1184 1185 46.66
1185 1184 46.66
1186 1187 33.89
1187 1186 33.89
1185 1188 10.41
1188 1185 10.41
1185 1189 8.72
1189 1185 8.72
1190 1191 22.14
1191 1190 22.14
1175 1187 112.75
1187 1175 112.75
1192 1193 44.56
1193 1192 44.56
1189 1191 41.26
1191 1189 41.26
1191 1194 13.36
1194 1191 13.36
1195 1196 33.9
1196 1195 33.9
1197 1198 16.54
1198 1197 16.54
1199 1200 1.86
1200 1199 1.86
1201 1202 288.34
1202 1201 288.34
1200 1202 177.59
1202 1200 177.59
1203 1204 1.22
1204 1203 1.22
1205 1206 80.01
1206 1205 80.01
1207 1208 32.4
1208 1207 32.4
1207 1209 59.75
1209 1207 59.75
1210 1211 6.63
1211 1210 6.63
1207 1212 89.98
1212 1207 89.98
1212 1213 59.63
1213 1212 59.63
1212 1214 87.31
1214 1212 87.31
1215 1216 7.76
1216 1215 7.76
1217 1218 22.64
1218 1217 22.64
1214 1219 110.38
1219 1214 110.38
1220 1221 25.75
1221 1220 25.75
1223 1224 16.88
1224 1223 16.88
1225 1226 240.66
1226 1225 240.66
1227 1228 39.85
1228 1227 39.85
1228 1229 35.82
1229 1228 35.82
1227 1230 72.29
1230 1227 72.29
1227 1229 33.98
1229 1227 33.98
115 1231 120.13
1231 115 120.13
1232 1233 229.64
1233 1232 229.64
1234 1235 23.67
1235 1234 23.67
1094 1236 24.29
1236 1094 24.29
1237 1238 129.32
1238 1237 129.32
1238 1239 32.26
1239 1238 32.26
1240 1241 25.26
1241 1240 25.26
1242 1243 75.43
1243 1242 75.43
1244 1245 110.48
1245 1244 110.48
1244 1246 35.3
1246 1244 35.3
1247 1248 144.93
1248 1247 144.93
1245 1248 43.5
1248 1245 43.5
1245 1249 102.57
1249 1245 102.57
1250 1251 20.19
1251 1250 20.19
1252 1253 31.05
1253 1252 31.05
1254 1255 57.41
1255 1254 57.41
1256 1257 35.75
1257 1256 35.75
1257 1258 23.53
1258 1257 23.53
1245 1259 67.58
1259 1245 67.58
1260 1261 14.94
1261 1260 14.94
1262 1263 38.39
1263 1262 38.39
1262 1264 23.75
1264 1262 23.75
1260 1265 20.03
1265 1260 20.03
1254 1265 40.86
1265 1254 40.86
1262 1266 67.9
1266 1262 67.9
1263 1266 61.2
1266 1263 61.2
1266 1267 41.21
1267 1266 41.21
1268 1269 96.68
1269 1268 96.68
1270 1271 3.86
1271 1270 3.86
1268 1272 130.52
1272 1268 130.52
459 1273 57.12
1273 459 57.12
469 1273 8.25
1273 469 8.25
458 1274 30.36
1274 458 30.36
473 1274 9.29
1274 473 9.29
1275 1276 38.61
1276 1275 38.61
1275 1277 3.77
1277 1275 3.77
1273 1274 18.49
1274 1273 18.49
1277 1278 2.87
1278 1277 2.87
1275 1278 3.29
1278 1275 3.29
1277 1279 41.83
1279 1277 41.83
1280 1281 20.9
1281 1280 20.9
1281 1282 34.85
1282 1281 34.85
1270 1280 20.02
1280 1270 20.02
1278 1280 17.98
1280 1278 17.98
1283 1284 9.36
1284 1283 9.36
1283 1285 12.66
1285 1283 12.66
1286 1287 9.78
1287 1286 9.78
1288 1289 23.51
1289 1288 23.51
1286 1288 17.88
1288 1286 17.88
1287 1290 27.29
1290 1287 27.29
1291 1292 66.27
1292 1291 66.27
1285 1292 19.36
1292 1285 19.36
1284 1287 12.46
1287 1284 12.46
1293 1294 17.77
1294 1293 17.77
1287 1292 6.32
1292 1287 6.32
1290 1295 61.91
1295 1290 61.91
1288 1290 27.7
1290 1288 27.7
1296 1297 8.57
1297 1296 8.57
1298 1299 6.76
1299 1298 6.76
1296 1300 5.95
1300 1296 5.95
240 1299 1.35
1299 240 1.35
1300 1301 8.81
1301 1300 8.81
221 1299 1.59
1299 221 1.59
1297 1301 5.99
1301 1297 5.99
1302 1303 12.9
1303 1302 12.9
192 1298 60.79
1298 192 60.79
1304 1305 220.47
1305 1304 220.47
1305 1306 46.44
1306 1305 46.44
1307 1308 13.54
1308 1307 13.54
1309 1310 115.07
1310 1309 115.07
1311 1312 2.43
1312 1311 2.43
988 1313 121.54
1313 988 121.54
994 1314 5.1
1314 994 5.1
1314 1315 15.69
1315 1314 15.69
993 1314 7.01
1314 993 7.01
1316 1317 37.76
1317 1316 37.76
1139 1317 54.37
1317 1139 54.37
1281 1318 2.44
1318 1281 2.44
1318 1319 18.43
1319 1318 18.43
1320 1321 4.05
1321 1320 4.05
772 1322 145.62
1322 772 145.62
1323 1324 30.6
1324 1323 30.6
1324 1325 28.97
1325 1324 28.97
1136 1138 105.53
1138 1136 105.53
1138 1326 117.4
1326 1138 117.4
1322 1327 9.23
1327 1322 9.23
1328 1329 8.09
1329 1328 8.09
1330 1331 40.86
1331 1330 40.86
1321 1332 18.56
1332 1321 18.56
1333 1334 28.46
1334 1333 28.46
1335 1336 32.21
1336 1335 32.21
1324 1335 7.01
1335 1324 7.01
1324 1337 8.49
1337 1324 8.49
1335 1337 2.64
1337 1335 2.64
72 1318 45.32
1318 72 45.32
1321 1338 7.97
1338 1321 7.97
1338 1339 65.8
1339 1338 65.8
1338 1340 32.25
1340 1338 32.25
1339 1340 41.08
1340 1339 41.08
1341 1342 249.38
1342 1341 249.38
72 1339 15.99
1339 72 15.99
1343 1344 160.82
1344 1343 160.82
1341 1345 30.27
1345 1341 30.27
1346 1347 24.35
1347 1346 24.35
1285 1347 14.2
1347 1285 14.2
1283 1348 5.32
1348 1283 5.32
1288 1349 16.32
1349 1288 16.32
1284 1349 8.85
1349 1284 8.85
1286 1349 6.86
1349 1286 6.86
1289 1349 50.52
1349 1289 50.52
1350 1351 41.22
1351 1350 41.22
1352 1353 476.62
1353 1352 476.62
1353 1354 16.98
1354 1353 16.98
1355 1356 17.27
1356 1355 17.27
1357 1358 21.27
1358 1357 21.27
1359 1360 75.78
1360 1359 75.78
1357 1361 86.37
1361 1357 86.37
1362 1363 12.21
1363 1362 12.21
1364 1365 31.84
1365 1364 31.84
1365 1366 8.06
1366 1365 8.06
1366 1367 10.22
1367 1366 10.22
325 1362 20.23
1362 325 20.23
323 1368 23.71
1368 323 23.71
1365 1369 18.5
1369 1365 18.5
325 1370 6.87
1370 325 6.87
1369 1371 13.76
1371 1369 13.76
325 1372 7.39
1372 325 7.39
1371 1373 11.11
1373 1371 11.11
1374 1375 93.46
1375 1374 93.46
1367 1376 15.13
1376 1367 15.13
1375 1377 17.4
1377 1375 17.4
1370 1378 10.68
1378 1370 10.68
1367 1373 6.35
1373 1367 6.35
1368 1378 16.18
1378 1368 16.18
1376 1379 10.97
1379 1376 10.97
1380 1381 0.1
1381 1380 0.1
1373 1379 17.93
1379 1373 17.93
1370 1382 31.76
1382 1370 31.76
1378 1383 13.2
1383 1378 13.2
1368 1383 19.87
1383 1368 19.87
334 1384 6.8
1384 334 6.8
426 1384 7.36
1384 426 7.36
323 1385 29.84
1385 323 29.84
1386 1387 5.58
1387 1386 5.58
1388 1389 28.15
1389 1388 28.15
1390 1391 26.23
1391 1390 26.23
418 1384 47.93
1384 418 47.93
1392 1393 25.29
1393 1392 25.29
1388 1394 13.02
1394 1388 13.02
1370 1395 26.91
1395 1370 26.91
1396 1397 28.05
1397 1396 28.05
1383 1395 10.75
1395 1383 10.75
1398 1399 14.56
1399 1398 14.56
1397 1400 24.25
1400 1397 24.25
1393 1396 18.59
1396 1393 18.59
1390 1396 18.67
1396 1390 18.67
1388 1401 13.98
1401 1388 13.98
1392 1396 18.44
1396 1392 18.44
1394 1402 19.05
1402 1394 19.05
1391 1396 18.54
1396 1391 18.54
1383 1403 16.31
1403 1383 16.31
1404 1405 23.8
1405 1404 23.8
1396 1404 29.22
1404 1396 29.22
1401 1406 5.45
1406 1401 5.45
1393 1400 9.5
1400 1393 9.5
1392 1405 10.53
1405 1392 10.53
1385 1407 13.47
1407 1385 13.47
1404 1408 22.55
1408 1404 22.55
1408 1409 25.99
1409 1408 25.99
1406 1410 3.13
1410 1406 3.13
1397 1411 21.29
1411 1397 21.29
1391 1411 9.72
1411 1391 9.72
1410 1412 4.79
1412 1410 4.79
1412 1413 4.7
1413 1412 4.7
1390 1408 10.36
1408 1390 10.36
1401 1413 8.51
1413 1401 8.51
1414 1415 1.28
1415 1414 1.28
1407 1416 17.08
1416 1407 17.08
1402 1415 14.01
1415 1402 14.01
1395 1417 13.73
1417 1395 13.73
1406 1418 12.42
1418 1406 12.42
1394 1419 11.98
1419 1394 11.98
1418 1419 2.78
1419 1418 2.78
1420 1421 8.12
1421 1420 8.12
1410 1422 4.78
1422 1410 4.78
1402 1423 18.41
1423 1402 18.41
1415 1424 7.07
1424 1415 7.07
1422 1425 4.66
1425 1422 4.66
1418 1425 1.63
1425 1418 1.63
1414 1426 2.14
1426 1414 2.14
1426 1427 7.46
1427 1426 7.46
1424 1427 1.47
1427 1424 1.47
1428 1429 118.0
1429 1428 118.0
1320 1429 27.44
1429 1320 27.44
1422 1430 4.92
1430 1422 4.92
1412 1430 4.78
1430 1412 4.78
1429 1431 36.41
1431 1429 36.41
1340 1431 1.77
1431 1340 1.77
1419 1432 3.64
1432 1419 3.64
1432 1433 2.8
1433 1432 2.8
1425 1433 2.0
1433 1425 2.0
1413 1434 6.1
1434 1413 6.1
1423 1435 7.4
1435 1423 7.4
1414 1435 7.56
1435 1414 7.56
1433 1436 12.17
1436 1433 12.17
1430 1436 3.41
1436 1430 3.41
1434 1436 8.33
1436 1434 8.33
1426 1437 7.14
1437 1426 7.14
1435 1437 2.33
1437 1435 2.33
1438 1439 65.68
1439 1438 65.68
1427 1440 5.94
1440 1427 5.94
1427 1441 7.84
1441 1427 7.84
1424 1442 7.0
1442 1424 7.0
1440 1443 3.4
1443 1440 3.4
1441 1442 1.13
1442 1441 1.13
1385 1444 39.63
1444 1385 39.63
1442 1445 12.84
1445 1442 12.84
1432 1445 4.65
1445 1432 4.65
1437 1443 5.61
1443 1437 5.61
1440 1446 3.37
1446 1440 3.37
1444 1447 5.44
1447 1444 5.44
1407 1447 31.21
1447 1407 31.21
1448 1449 42.7
1449 1448 42.7
1437 1450 7.72
1450 1437 7.72
1435 1451 7.99
1451 1435 7.99
1450 1451 1.43
1451 1450 1.43
1443 1452 3.38
1452 1443 3.38
1446 1452 3.39
1452 1446 3.39
1173 1453 16.0
1453 1173 16.0
1449 1454 33.87
1454 1449 33.87
1453 1455 37.74
1455 1453 37.74
1454 1456 4.26
1456 1454 4.26
1417 1457 59.57
1457 1417 59.57
1453 1458 16.06
1458 1453 16.06
1459 1460 18.33
1460 1459 18.33
1450 1461 7.19
1461 1450 7.19
1452 1461 4.95
1461 1452 4.95
1441 1462 7.12
1462 1441 7.12
1446 1462 5.24
1462 1446 5.24
1434 1457 10.28
1457 1434 10.28
1461 1463 6.65
1463 1461 6.65
1445 1464 9.61
1464 1445 9.61
1457 1464 19.13
1464 1457 19.13
1444 1465 18.59
1465 1444 18.59
1462 1463 6.7
1463 1462 6.7
1417 1465 28.75
1465 1417 28.75
1447 1466 10.46
1466 1447 10.46
1423 1467 53.78
1467 1423 53.78
1465 1468 9.47
1468 1465 9.47
1466 1468 8.47
1468 1466 8.47
1463 1469 6.2
1469 1463 6.2
758 1470 260.07
1470 758 260.07
1464 1469 17.83
1469 1464 17.83
1451 1467 19.82
1467 1451 19.82
1471 1472 11.92
1472 1471 11.92
1464 1473 15.79
1473 1464 15.79
1465 1474 19.21
1474 1465 19.21
1469 1472 12.02
1472 1469 12.02
1467 1471 6.36
1471 1467 6.36
1468 1475 18.87
1475 1468 18.87
1474 1475 6.22
1475 1474 6.22
1471 1476 10.36
1476 1471 10.36
1472 1476 9.13
1476 1472 9.13
1477 1478 8.86
1478 1477 8.86
1473 1476 47.65
1476 1473 47.65
1479 1480 109.65
1480 1479 109.65
758 1481 328.85
1481 758 328.85
1482 1483 0.38
1483 1482 0.38
1484 1485 5.98
1485 1484 5.98
760 1481 204.24
1481 760 204.24
1473 1484 48.28
1484 1473 48.28
1486 1487 34.85
1487 1486 34.85
1474 1485 22.66
1485 1474 22.66
1486 1488 14.96
1488 1486 14.96
1475 1489 20.45
1489 1475 20.45
1485 1489 9.73
1489 1485 9.73
1488 1490 71.33
1490 1488 71.33
1466 1489 75.13
1489 1466 75.13
1491 1492 22.55
1492 1491 22.55
1484 1493 15.13
1493 1484 15.13
1493 1494 16.76
1494 1493 16.76
1493 1495 10.27
1495 1493 10.27
1016 1496 6.58
1496 1016 6.58
1497 1498 22.41
1498 1497 22.41
1498 1499 7.92
1499 1498 7.92
1499 1500 27.4
1500 1499 27.4
1501 1502 30.68
1502 1501 30.68
1503 1504 4.19
1504 1503 4.19
555 1504 11.1
1504 555 11.1
1502 1505 5.25
1505 1502 5.25
1502 1506 6.72
1506 1502 6.72
1507 1508 12.81
1508 1507 12.81
1509 1510 17.55
1510 1509 17.55
1511 1512 22.99
1512 1511 22.99
1513 1514 29.79
1514 1513 29.79
1502 1515 13.61
1515 1502 13.61
1516 1517 13.77
1517 1516 13.77
733 1518 59.41
1518 733 59.41
1519 1520 31.47
1520 1519 31.47
1499 1521 14.15
1521 1499 14.15
1491 1521 9.44
1521 1491 9.44
1521 1522 17.21
1522 1521 17.21
1523 1524 23.75
1524 1523 23.75
1525 1526 8.82
1526 1525 8.82
1527 1528 13.82
1528 1527 13.82
1162 1529 13.01
1529 1162 13.01
359 1162 21.76
1162 359 21.76
1530 1531 15.67
1531 1530 15.67
300 1532 26.47
1532 300 26.47
1533 1534 12.15
1534 1533 12.15
1535 1536 167.46
1536 1535 167.46
1536 1537 104.85
1537 1536 104.85
359 361 11.85
361 359 11.85
1529 1538 25.11
1538 1529 25.11
1539 1540 20.77
1540 1539 20.77
307 1541 17.84
1541 307 17.84
361 1529 18.85
1529 361 18.85
1542 1543 137.78
1543 1542 137.78
1544 1545 16.25
1545 1544 16.25
1228 1546 62.44
1546 1228 62.44
1547 1548 15.47
1548 1547 15.47
1549 1550 21.36
1550 1549 21.36
1550 1551 7.53
1551 1550 7.53
1539 1552 21.8
1552 1539 21.8
1553 1554 15.91
1554 1553 15.91
1555 1556 12.55
1556 1555 12.55
1546 1557 24.53
1557 1546 24.53
1558 1559 34.57
1559 1558 34.57
1560 1561 31.91
1561 1560 31.91
1562 1563 30.97
1563 1562 30.97
307 1564 18.76
1564 307 18.76
1565 1566 14.4
1566 1565 14.4
1567 1568 11.3
1568 1567 11.3
1569 1570 14.99
1570 1569 14.99
1528 1571 12.76
1571 1528 12.76
1572 1573 10.59
1573 1572 10.59
1574 1575 23.62
1575 1574 23.62
1576 1577 15.56
1577 1576 15.56
1578 1579 585.83
1579 1578 585.83
1580 1581 2.26
1581 1580 2.26
1582 1583 279.55
1583 1582 279.55
1584 1585 33.04
1585 1584 33.04
1586 1587 20.92
1587 1586 20.92
1588 1589 12.08
1589 1588 12.08
1588 1590 41.45
1590 1588 41.45
1588 1591 40.7
1591 1588 40.7
1588 1592 24.21
1592 1588 24.21
1591 1593 23.55
1593 1591 23.55
1594 1595 32.54
1595 1594 32.54
1590 1596 24.17
1596 1590 24.17
1592 1596 41.14
1596 1592 41.14
1593 1597 27.27
1597 1593 27.27
1592 1593 40.38
1593 1592 40.38
1598 1599 21.46
1599 1598 21.46
1600 1601 12.82
1601 1600 12.82
1597 1602 67.78
1602 1597 67.78
1596 1603 32.18
1603 1596 32.18
727 1604 54.06
1604 727 54.06
1603 1605 0.89
1605 1603 0.89
1606 1607 31.29
1607 1606 31.29
1606 1608 35.14
1608 1606 35.14
1300 1605 43.27
1605 1300 43.27
1605 1609 43.8
1609 1605 43.8
1597 1610 15.1
1610 1597 15.1
1610 1611 37.15
1611 1610 37.15
1611 1612 6.3
1612 1611 6.3
1613 1614 19.16
1614 1613 19.16
50 1614 8.46
1614 50 8.46
1612 1615 6.81
1615 1612 6.81
1614 1616 12.9
1616 1614 12.9
1611 1617 6.96
1617 1611 6.96
1615 1617 6.14
1617 1615 6.14
1237 1618 137.35
1618 1237 137.35
1619 1620 31.51
1620 1619 31.51
1621 1622 15.32
1622 1621 15.32
1621 1623 24.81
1623 1621 24.81
1624 1625 50.67
1625 1624 50.67
1623 1625 4.95
1625 1623 4.95
1617 1626 26.89
1626 1617 26.89
1610 1622 40.78
1622 1610 40.78
1622 1626 10.71
1626 1622 10.71
1603 1627 51.31
1627 1603 51.31
77 1628 72.41
1628 77 72.41
1627 1629 15.5
1629 1627 15.5
1296 1630 24.2
1630 1296 24.2
1625 1631 4.82
1631 1625 4.82
1629 1631 25.89
1631 1629 25.89
1631 1632 15.65
1632 1631 15.65
1623 1632 14.71
1632 1623 14.71
1297 1633 37.19
1633 1297 37.19
1630 1633 57.06
1633 1630 57.06
1634 1635 33.2
1635 1634 33.2
1627 1630 6.19
1630 1627 6.19
1615 1636 36.03
