1 2 16.71
2 1 16.71
3 4 132.09
4 3 132.09
3 5 148.36
5 3 148.36
6 7 229.86
7 6 229.86
8 9 243.92
9 8 243.92
10 11 243.12
11 10 243.12
10 12 20.88
12 10 20.88
10 13 30.48
13 10 30.48
14 15 125.65
15 14 125.65
16 17 242.56
17 16 242.56
18 19 23.96
19 18 23.96
18 20 40.72
20 18 40.72
19 21 21.59
21 19 21.59
20 22 24.62
22 20 24.62
22 23 137.24
23 22 137.24
23 24 16.59
24 23 16.59
25 26 67.41
26 25 67.41
26 27 28.38
27 26 28.38
28 29 596.19
29 28 596.19
7 30 656.81
30 7 656.81
31 32 596.97
32 31 596.97
32 33 81.89
33 32 81.89
34 35 83.87
35 34 83.87
36 37 67.03
37 36 67.03
38 39 115.63
39 38 115.63
40 41 304.72
41 40 304.72
40 42 321.91
42 40 321.91
40 43 23.89
43 40 23.89
44 45 18.17
45 44 18.17
46 47 113.69
47 46 113.69
48 49 30.93
49 48 30.93
50 51 11.98
51 50 11.98
52 53 282.71
53 52 282.71
53 54 110.73
54 53 110.73
55 56 35.24
56 55 35.24
56 57 102.21
57 56 102.21
56 58 193.7
58 56 193.7
56 59 84.57
59 56 84.57
57 60 155.5
60 57 155.5
57 61 229.56
61 57 229.56
57 62 119.96
62 57 119.96
60 63 174.06
63 60 174.06
60 62 143.43
62 60 143.43
64 65 15.68
65 64 15.68
65 66 98.04
66 65 98.04
67 68 55.7
68 67 55.7
69 70 121.77
70 69 121.77
71 72 77.92
72 71 77.92
73 74 93.93
74 73 93.93
74 75 33.5
75 74 33.5
76 77 4.3
77 76 4.3
78 79 561.34
79 78 561.34
80 81 121.27
81 80 121.27
82 83 68.66
83 82 68.66
84 85 304.27
85 84 304.27
86 87 73.96
87 86 73.96
88 89 90.85
89 88 90.85
90 91 70.86
91 90 70.86
92 93 49.8
93 92 49.8
92 94 45.06
94 92 45.06
92 95 57.21
95 92 57.21
96 97 71.13
97 96 71.13
98 99 43.62
99 98 43.62
98 100 131.55
100 98 131.55
101 102 24.89
102 101 24.89
103 104 117.98
104 103 117.98
105 106 674.54
106 105 674.54
107 108 37.8
108 107 37.8
107 109 37.05
109 107 37.05
110 111 84.2
111 110 84.2
112 113 292.06
113 112 292.06
114 115 288.97
115 114 288.97
116 117 309.41
117 116 309.41
118 119 32.91
119 118 32.91
119 120 526.94
120 119 526.94
119 121 148.79
121 119 148.79
122 123 67.63
123 122 67.63
122 124 147.13
124 122 147.13
122 125 540.44
125 122 540.44
126 127 430.55
127 126 430.55
128 129 16.45
129 128 16.45
128 130 229.96
130 128 229.96
131 132 242.26
132 131 242.26
133 134 108.29
134 133 108.29
135 136 171.29
136 135 171.29
137 138 348.71
138 137 348.71
139 140 480.21
140 139 480.21
141 142 85.29
142 141 85.29
143 144 62.87
144 143 62.87
143 145 129.65
145 143 129.65
146 147 460.81
147 146 460.81
148 149 459.08
149 148 459.08
150 151 8.64
151 150 8.64
152 153 37.18
153 152 37.18
153 154 107.95
154 153 107.95
153 155 142.05
155 153 142.05
151 156 82.73
156 151 82.73
155 156 83.4
156 155 83.4
155 157 44.21
157 155 44.21
154 158 58.85
158 154 58.85
154 159 66.68
159 154 66.68
159 160 43.2
160 159 43.2
159 161 82.25
161 159 82.25
159 162 308.99
162 159 308.99
163 164 16.95
164 163 16.95
163 165 105.42
165 163 105.42
164 166 64.26
166 164 64.26
167 168 114.74
168 167 114.74
166 168 145.29
168 166 145.29
169 170 187.02
170 169 187.02
169 171 78.38
171 169 78.38
172 173 29.24
173 172 29.24
173 174 54.1
174 173 54.1
175 176 120.35
176 175 120.35
177 178 59.26
178 177 59.26
127 179 26.28
179 127 26.28
180 181 50.74
181 180 50.74
182 183 297.27
183 182 297.27
184 185 100.31
185 184 100.31
186 187 7.64
187 186 7.64
188 189 23.65
189 188 23.65
186 189 9.73
189 186 9.73
190 191 63.77
191 190 63.77
192 193 55.62
193 192 55.62
194 195 59.21
195 194 59.21
196 197 127.41
197 196 127.41
197 198 99.61
198 197 99.61
199 200 105.48
200 199 105.48
201 202 224.66
202 201 224.66
203 204 50.19
204 203 50.19
203 205 175.31
205 203 175.31
203 206 31.69
206 203 31.69
204 207 14.53
207 204 14.53
204 206 50.36
206 204 50.36
208 209 76.89
209 208 76.89
209 210 39.66
210 209 39.66
209 211 25.43
211 209 25.43
212 213 12.1
213 212 12.1
212 214 17.69
214 212 17.69
215 216 56.81
216 215 56.81
216 217 9.73
217 216 9.73
213 216 20.45
216 213 20.45
217 218 17.16
218 217 17.16
217 219 120.08
219 217 120.08
220 221 72.34
221 220 72.34
214 218 34.36
218 214 34.36
222 223 91.93
223 222 91.93
224 225 34.18
225 224 34.18
225 226 107.07
226 225 107.07
225 227 61.91
227 225 61.91
208 228 65.09
228 208 65.09
228 229 57.5
229 228 57.5
228 230 107.97
230 228 107.97
231 232 142.22
232 231 142.22
233 234 70.1
234 233 70.1
235 236 94.93
236 235 94.93
235 237 120.79
237 235 120.79
238 239 30.39
239 238 30.39
238 240 100.33
240 238 100.33
241 242 10.43
242 241 10.43
241 243 9.78
243 241 9.78
240 244 72.3
244 240 72.3
240 245 27.77
245 240 27.77
243 246 77.92
246 243 77.92
243 247 18.74
247 243 18.74
243 248 43.17
248 243 43.17
249 250 88.24
250 249 88.24
90 251 555.35
251 90 555.35
90 252 405.61
252 90 405.61
90 253 458.78
253 90 458.78
254 255 4.97
255 254 4.97
255 256 44.11
256 255 44.11
257 258 14.9
258 257 14.9
258 259 97.82
259 258 97.82
82 260 339.99
260 82 339.99
261 262 198.8
262 261 198.8
245 261 69.72
261 245 69.72
100 263 16.31
263 100 16.31
263 264 97.67
264 263 97.67
265 266 182.45
266 265 182.45
267 268 31.88
268 267 31.88
269 270 33.11
270 269 33.11
268 269 57.83
269 268 57.83
269 271 52.05
271 269 52.05
271 272 17.97
272 271 17.97
268 271 48.91
271 268 48.91
273 274 18.12
274 273 18.12
274 275 21.51
275 274 21.51
276 277 15.83
277 276 15.83
277 278 21.81
278 277 21.81
279 280 18.18
280 279 18.18
280 281 21.66
281 280 21.66
282 283 62.35
283 282 62.35
284 285 81.21
285 284 81.21
286 287 594.0
287 286 594.0
288 289 147.19
289 288 147.19
290 291 193.91
291 290 193.91
292 293 145.9
293 292 145.9
294 295 28.46
295 294 28.46
293 296 76.12
296 293 76.12
297 298 338.51
298 297 338.51
299 300 73.37
300 299 73.37
301 302 238.51
302 301 238.51
303 304 16.33
304 303 16.33
303 305 128.49
305 303 128.49
306 307 42.72
307 306 42.72
308 309 64.79
309 308 64.79
310 311 112.75
311 310 112.75
312 313 297.2
313 312 297.2
314 315 184.22
315 314 184.22
316 317 153.61
317 316 153.61
318 319 244.58
319 318 244.58
320 321 209.72
321 320 209.72
322 323 13.46
323 322 13.46
324 325 38.27
325 324 38.27
326 327 21.73
327 326 21.73
328 329 12.38
329 328 12.38
329 330 85.38
330 329 85.38
329 331 50.07
331 329 50.07
329 332 125.23
332 329 125.23
333 334 51.03
334 333 51.03
333 335 43.17
335 333 43.17
333 336 168.44
336 333 168.44
337 338 100.58
338 337 100.58
337 339 82.86
339 337 82.86
337 340 96.41
340 337 96.41
340 341 87.08
341 340 87.08
331 342 3.34
342 331 3.34
343 344 87.98
344 343 87.98
344 345 48.4
345 344 48.4
328 346 30.21
346 328 30.21
346 347 81.48
347 346 81.48
348 349 19.3
349 348 19.3
350 351 0.21
351 350 0.21
352 353 105.74
353 352 105.74
354 355 60.46
355 354 60.46
356 357 213.82
357 356 213.82
162 358 71.89
358 162 71.89
162 359 70.77
359 162 70.77
360 361 8.71
361 360 8.71
362 363 198.31
363 362 198.31
364 365 87.01
365 364 87.01
366 367 111.38
367 366 111.38
368 369 193.15
369 368 193.15
368 370 224.31
370 368 224.31
368 371 165.67
371 368 165.67
369 372 153.43
372 369 153.43
99 373 113.65
373 99 113.65
374 375 131.77
375 374 131.77
376 377 1.75
377 376 1.75
129 376 19.63
376 129 19.63
378 379 678.25
379 378 678.25
380 381 89.94
381 380 89.94
382 383 28.17
383 382 28.17
384 385 39.03
385 384 39.03
386 387 92.53
387 386 92.53
388 389 19.51
389 388 19.51
390 391 52.46
391 390 52.46
392 393 113.85
393 392 113.85
394 395 4.39
395 394 4.39
395 396 29.37
396 395 29.37
395 397 49.23
397 395 49.23
398 399 17.49
399 398 17.49
400 401 23.23
401 400 23.23
402 403 30.89
403 402 30.89
404 405 129.56
405 404 129.56
404 406 65.03
406 404 65.03
404 407 10.76
407 404 10.76
404 408 98.37
408 404 98.37
404 409 107.91
409 404 107.91
406 410 41.69
410 406 41.69
411 412 38.81
412 411 38.81
413 414 2.19
414 413 2.19
415 416 7.09
416 415 7.09
417 418 124.76
418 417 124.76
419 420 27.64
420 419 27.64
421 422 59.11
422 421 59.11
423 424 25.89
424 423 25.89
425 426 125.27
426 425 125.27
427 428 23.06
428 427 23.06
406 429 39.95
429 406 39.95
407 430 88.15
430 407 88.15
407 431 69.0
431 407 69.0
432 433 56.05
433 432 56.05
408 434 54.01
434 408 54.01
408 435 51.89
435 408 51.89
409 436 50.71
436 409 50.71
409 434 255.73
434 409 255.73
434 437 26.42
437 434 26.42
432 436 56.38
436 432 56.38
436 438 126.22
438 436 126.22
438 439 61.69
439 438 61.69
432 438 114.66
438 432 114.66
440 441 2706.42
441 440 2706.42
442 443 15.77
443 442 15.77
443 444 14.88
444 443 14.88
443 445 52.33
445 443 52.33
444 446 34.89
446 444 34.89
442 444 5.02
444 442 5.02
442 447 42.4
447 442 42.4
446 448 78.82
448 446 78.82
449 450 172.7
450 449 172.7
95 450 125.47
450 95 125.47
450 451 29.32
451 450 29.32
452 453 38.21
453 452 38.21
454 455 35.06
455 454 35.06
246 456 98.16
456 246 98.16
456 457 85.25
457 456 85.25
456 458 93.71
458 456 93.71
457 459 177.82
459 457 177.82
460 461 37.34
461 460 37.34
462 463 179.05
463 462 179.05
464 465 66.8
465 464 66.8
465 466 53.46
466 465 53.46
467 468 60.82
468 467 60.82
469 470 551.27
470 469 551.27
471 472 30.52
472 471 30.52
95 206 48.3
206 95 48.3
473 474 13.99
474 473 13.99
226 473 7.0
473 226 7.0
210 473 63.33
473 210 63.33
208 474 69.48
474 208 69.48
474 475 64.15
475 474 64.15
476 477 15.28
477 476 15.28
445 476 57.82
476 445 57.82
24 478 10.56
478 24 10.56
478 479 94.97
479 478 94.97
479 480 22.2
480 479 22.2
445 481 57.37
481 445 57.37
482 483 16.17
483 482 16.17
483 484 11.48
484 483 11.48
52 485 9.29
485 52 9.29
486 487 227.55
487 486 227.55
488 489 137.44
489 488 137.44
488 490 289.94
490 488 289.94
491 492 0.25
492 491 0.25
493 494 2.47
494 493 2.47
495 496 28.97
496 495 28.97
495 497 16.88
497 495 16.88
498 499 7.05
499 498 7.05
500 501 450.29
501 500 450.29
502 503 227.47
503 502 227.47
504 505 85.31
505 504 85.31
506 507 94.6
507 506 94.6
249 507 58.21
507 249 58.21
507 508 159.08
508 507 159.08
509 510 14.66
510 509 14.66
509 511 73.23
511 509 73.23
509 512 30.09
512 509 30.09
509 513 70.28
513 509 70.28
514 515 311.44
515 514 311.44
516 517 44.38
517 516 44.38
518 519 75.01
519 518 75.01
520 521 82.99
521 520 82.99
522 523 347.95
523 522 347.95
239 524 28.93
524 239 28.93
237 524 18.98
524 237 18.98
525 526 203.98
526 525 203.98
527 528 191.07
528 527 191.07
257 527 246.76
527 257 246.76
529 530 1811.37
530 529 1811.37
530 531 9.49
531 530 9.49
214 224 46.34
224 214 46.34
532 533 95.8
533 532 95.8
227 475 35.94
475 227 35.94
227 230 83.82
230 227 83.82
229 475 11.74
475 229 11.74
534 535 34.47
535 534 34.47
536 537 13.64
537 536 13.64
536 538 152.91
538 536 152.91
538 539 46.0
539 538 46.0
540 541 107.72
541 540 107.72
541 542 13.89
542 541 13.89
541 543 231.54
543 541 231.54
541 544 9.17
544 541 9.17
129 264 78.41
264 129 78.41
75 545 87.51
545 75 87.51
545 546 88.84
546 545 88.84
546 547 38.12
547 546 38.12
73 548 31.76
548 73 31.76
548 549 11.42
549 548 11.42
549 550 35.51
550 549 35.51
262 551 18.87
551 262 18.87
552 553 431.77
553 552 431.77
552 554 121.57
554 552 121.57
553 555 148.26
555 553 148.26
556 557 133.24
557 556 133.24
167 556 21.21
556 167 21.21
557 558 185.5
558 557 185.5
54 559 11.34
559 54 11.34
559 560 88.76
560 559 88.76
561 562 13.25
562 561 13.25
563 564 90.37
564 563 90.37
561 565 230.3
565 561 230.3
566 567 81.78
567 566 81.78
568 569 93.67
569 568 93.67
570 571 4.44
571 570 4.44
572 573 19.56
573 572 19.56
573 574 33.3
574 573 33.3
575 576 55.82
576 575 55.82
576 577 106.72
577 576 106.72
578 579 66.2
579 578 66.2
579 580 20.7
580 579 20.7
580 581 32.71
581 580 32.71
581 582 42.41
582 581 42.41
580 583 50.25
583 580 50.25
580 584 44.05
584 580 44.05
578 585 20.21
585 578 20.21
586 587 41.58
587 586 41.58
578 586 37.87
586 578 37.87
588 589 3.97
589 588 3.97
587 590 13.45
590 587 13.45
590 591 27.92
591 590 27.92
587 591 10.81
591 587 10.81
592 593 31.08
593 592 31.08
592 594 21.43
594 592 21.43
594 595 7.9
595 594 7.9
593 595 47.37
595 593 47.37
583 584 47.62
584 583 47.62
584 593 5.62
593 584 5.62
596 597 8.61
597 596 8.61
597 598 10.52
598 597 10.52
597 599 7.5
599 597 7.5
597 600 9.17
600 597 9.17
601 602 303.7
602 601 303.7
603 604 8.32
604 603 8.32
603 605 233.78
605 603 233.78
606 607 250.67
607 606 250.67
608 609 851.61
609 608 851.61
17 610 179.0
610 17 179.0
611 612 754.71
612 611 754.71
613 614 8.07
614 613 8.07
613 615 207.66
615 613 207.66
614 616 9.28
616 614 9.28
616 617 33.32
617 616 33.32
618 619 40.05
619 618 40.05
497 620 31.56
620 497 31.56
619 620 37.51
620 619 37.51
496 621 17.25
621 496 17.25
621 622 12.83
622 621 12.83
528 623 39.93
623 528 39.93
623 624 63.6
624 623 63.6
259 623 70.89
623 259 70.89
259 625 63.54
625 259 63.54
259 626 81.82
626 259 81.82
625 627 92.87
627 625 92.87
625 628 18.56
628 625 18.56
622 629 48.12
629 622 48.12
630 631 54.01
631 630 54.01
448 631 109.97
631 448 109.97
632 633 3.03
633 632 3.03
619 633 13.08
633 619 13.08
634 635 152.55
635 634 152.55
31 636 47.89
636 31 47.89
637 638 541.15
638 637 541.15
207 639 5.16
639 207 5.16
207 640 70.58
640 207 70.58
641 642 132.13
642 641 132.13
641 643 132.45
643 641 132.45
644 645 170.16
645 644 170.16
646 647 54.56
647 646 54.56
648 649 30.92
649 648 30.92
650 651 60.51
651 650 60.51
652 653 58.94
653 652 58.94
654 655 63.21
655 654 63.21
656 657 36.97
657 656 36.97
658 659 268.17
659 658 268.17
660 661 489.49
661 660 489.49
660 662 420.5
662 660 420.5
464 663 26.56
663 464 26.56
664 665 61.14
665 664 61.14
666 667 87.44
667 666 87.44
668 669 143.67
669 668 143.67
670 671 273.17
671 670 273.17
672 673 69.04
673 672 69.04
674 675 63.6
675 674 63.6
674 676 30.43
676 674 30.43
677 678 64.28
678 677 64.28
679 680 248.38
680 679 248.38
84 681 27.77
681 84 27.77
682 683 91.1
683 682 91.1
684 685 89.27
685 684 89.27
686 687 236.66
687 686 236.66
687 688 95.23
688 687 95.23
689 690 130.81
690 689 130.81
691 692 50.69
692 691 50.69
627 693 34.18
693 627 34.18
626 627 68.85
627 626 68.85
694 695 351.8
695 694 351.8
551 696 190.33
696 551 190.33
697 698 55.76
698 697 55.76
699 700 84.88
700 699 84.88
701 702 21.67
702 701 21.67
703 704 189.96
704 703 189.96
705 706 52.08
706 705 52.08
707 708 49.5
708 707 49.5
709 710 845.08
710 709 845.08
709 711 150.47
711 709 150.47
709 712 132.08
712 709 132.08
711 713 43.97
713 711 43.97
714 715 115.75
715 714 115.75
715 716 110.09
716 715 110.09
715 717 322.28
717 715 322.28
718 719 441.11
719 718 441.11
718 720 748.1
720 718 748.1
718 721 235.85
721 718 235.85
717 722 37.37
722 717 37.37
712 717 408.12
717 712 408.12
717 723 112.28
723 717 112.28
717 724 83.05
724 717 83.05
717 725 41.4
725 717 41.4
722 726 62.9
726 722 62.9
722 725 29.03
725 722 29.03
722 727 65.55
727 722 65.55
728 729 40.34
729 728 40.34
721 729 27.3
729 721 27.3
729 730 96.82
730 729 96.82
727 731 56.78
731 727 56.78
727 732 21.6
732 727 21.6
727 733 68.89
733 727 68.89
733 734 55.59
734 733 55.59
735 736 128.32
736 735 128.32
737 738 11.46
738 737 11.46
738 739 199.85
739 738 199.85
738 740 458.16
740 738 458.16
739 741 12.37
741 739 12.37
739 742 520.36
742 739 520.36
739 743 148.18
743 739 148.18
743 744 10.94
744 743 10.94
743 745 222.19
745 743 222.19
743 746 73.74
746 743 73.74
747 748 491.38
748 747 491.38
745 749 111.78
749 745 111.78
749 750 70.04
750 749 70.04
749 751 310.38
751 749 310.38
752 753 46.62
753 752 46.62
742 754 208.86
754 742 208.86
742 751 1096.65
751 742 1096.65
755 756 88.87
756 755 88.87
757 758 67.75
758 757 67.75
758 759 126.71
759 758 126.71
760 761 30.61
761 760 30.61
692 762 14.43
762 692 14.43
692 763 25.92
763 692 25.92
761 763 4.62
763 761 4.62
763 764 24.54
764 763 24.54
762 765 34.36
765 762 34.36
761 762 23.35
762 761 23.35
766 767 21.21
767 766 21.21
768 769 471.35
769 768 471.35
770 771 43.76
771 770 43.76
772 773 20.95
773 772 20.95
773 774 27.37
774 773 27.37
774 775 26.93
775 774 26.93
775 776 10.63
776 775 10.63
777 778 60.37
778 777 60.37
779 780 3.07
780 779 3.07
130 781 2.92
781 130 2.92
51 781 103.4
781 51 103.4
171 782 511.65
782 171 511.65
783 784 84.72
784 783 84.72
710 785 9.0
785 710 9.0
710 714 97.61
714 710 97.61
710 786 125.61
786 710 125.61
787 788 92.85
788 787 92.85
789 790 408.0
790 789 408.0
791 792 112.27
792 791 112.27
793 794 381.72
794 793 381.72
795 796 201.58
796 795 201.58
797 798 166.57
798 797 166.57
799 800 191.53
800 799 191.53
799 801 198.57
801 799 198.57
802 803 106.69
803 802 106.69
804 805 210.03
805 804 210.03
806 807 112.53
807 806 112.53
604 643 18.83
643 604 18.83
808 809 268.34
809 808 268.34
810 811 824.96
811 810 824.96
812 813 25.25
813 812 25.25
814 815 199.56
815 814 199.56
815 816 33.81
816 815 33.81
806 817 220.25
817 806 220.25
818 819 15.86
819 818 15.86
547 818 119.24
818 547 119.24
820 821 23.46
821 820 23.46
822 823 49.46
823 822 49.46
822 824 28.57
824 822 28.57
822 825 104.81
825 822 104.81
820 824 52.75
824 820 52.75
824 826 109.07
826 824 109.07
820 827 32.86
827 820 32.86
828 829 77.61
829 828 77.61
830 831 34.09
831 830 34.09
832 833 25.06
833 832 25.06
834 835 37.68
835 834 37.68
836 837 60.34
837 836 60.34
838 839 58.8
839 838 58.8
839 840 79.55
840 839 79.55
839 841 82.1
841 839 82.1
842 843 135.0
843 842 135.0
842 844 193.97
844 842 193.97
842 845 129.21
845 842 129.21
843 846 110.61
846 843 110.61
843 847 131.15
847 843 131.15
847 848 62.27
848 847 62.27
847 849 73.29
849 847 73.29
850 851 226.25
851 850 226.25
848 852 63.12
852 848 63.12
848 853 219.14
853 848 219.14
846 853 10.41
853 846 10.41
850 853 38.34
853 850 38.34
850 854 17.18
854 850 17.18
850 855 65.82
855 850 65.82
856 857 144.05
857 856 144.05
858 859 107.11
859 858 107.11
860 861 123.51
861 860 123.51
862 863 51.02
863 862 51.02
864 865 142.62
865 864 142.62
866 867 237.75
867 866 237.75
868 869 251.54
869 868 251.54
870 871 63.6
871 870 63.6
871 872 114.19
872 871 114.19
872 873 67.89
873 872 67.89
873 874 30.04
874 873 30.04
875 876 22.42
876 875 22.42
876 877 44.35
877 876 44.35
876 878 48.23
878 876 48.23
879 880 68.37
880 879 68.37
881 882 115.22
882 881 115.22
883 884 133.56
884 883 133.56
668 885 98.46
885 668 98.46
668 886 98.61
886 668 98.61
887 888 109.63
888 887 109.63
887 889 55.9
889 887 55.9
890 891 107.12
891 890 107.12
890 892 83.66
892 890 83.66
890 893 107.65
893 890 107.65
890 894 155.64
894 890 155.64
895 896 46.33
896 895 46.33
897 898 54.91
898 897 54.91
878 897 124.03
897 878 124.03
899 900 90.59
900 899 90.59
373 605 50.09
605 373 50.09
901 902 59.68
902 901 59.68
903 904 188.31
904 903 188.31
905 906 99.36
906 905 99.36
907 908 438.01
908 907 438.01
907 909 151.93
909 907 151.93
910 911 85.27
911 910 85.27
42 912 137.38
912 42 137.38
42 913 231.96
913 42 231.96
913 914 618.4
914 913 618.4
914 915 201.15
915 914 201.15
914 916 116.82
916 914 116.82
916 917 207.99
917 916 207.99
565 917 439.6
917 565 439.6
12 917 724.58
917 12 724.58
916 918 269.61
918 916 269.61
919 920 51.14
920 919 51.14
921 922 224.48
922 921 224.48
923 924 100.97
924 923 100.97
925 926 40.16
926 925 40.16
925 927 45.36
927 925 45.36
925 928 45.06
928 925 45.06
926 929 31.76
929 926 31.76
926 930 31.92
930 926 31.92
931 932 22.92
932 931 22.92
933 934 90.42
934 933 90.42
935 936 94.93
936 935 94.93
937 938 97.46
938 937 97.46
939 940 91.83
940 939 91.83
941 942 31.46
942 941 31.46
943 944 5.42
944 943 5.42
941 945 156.83
945 941 156.83
946 947 47.5
947 946 47.5
33 948 27.38
948 33 27.38
786 949 41.3
949 786 41.3
950 951 17.41
951 950 17.41
952 953 223.5
953 952 223.5
953 954 293.12
954 953 293.12
953 955 1215.07
955 953 1215.07
956 957 104.0
957 956 104.0
956 958 95.94
958 956 95.94
956 959 43.56
959 956 43.56
960 961 11.2
961 960 11.2
120 962 214.05
962 120 214.05
962 963 489.81
963 962 489.81
962 964 445.08
964 962 445.08
962 965 205.68
965 962 205.68
966 967 317.26
967 966 317.26
968 969 31.72
969 968 31.72
970 971 74.83
971 970 74.83
477 972 69.17
972 477 69.17
477 973 46.3
973 477 46.3
448 973 33.39
973 448 33.39
972 974 23.07
974 972 23.07
630 974 131.39
974 630 131.39
213 972 64.0
972 213 64.0
975 976 73.89
976 975 73.89
720 975 15.91
975 720 15.91
215 977 40.81
977 215 40.81
219 532 92.23
532 219 92.23
230 532 19.55
532 230 19.55
978 979 18.44
979 978 18.44
979 980 72.84
980 979 72.84
558 560 217.35
560 558 217.35
981 982 96.89
982 981 96.89
983 984 24.67
984 983 24.67
985 986 395.13
986 985 395.13
987 988 93.59
988 987 93.59
988 989 82.35
989 988 82.35
990 991 48.7
991 990 48.7
990 992 133.58
992 990 133.58
993 994 100.17
994 993 100.17
995 996 98.51
996 995 98.51
991 996 51.58
996 991 51.58
987 997 22.17
997 987 22.17
516 998 260.43
998 516 260.43
999 1000 78.81
1000 999 78.81
1001 1002 0.03
1002 1001 0.03
1003 1004 194.35
1004 1003 194.35
1005 1006 86.72
1006 1005 86.72
1007 1008 1.11
1008 1007 1.11
1009 1010 15.93
1010 1009 15.93
1010 1011 12.38
1011 1010 12.38
242 1012 26.48
1012 242 26.48
1013 1014 14.13
1014 1013 14.13
1013 1015 14.38
1015 1013 14.38
1016 1017 36.0
1017 1016 36.0
1018 1019 952.17
1019 1018 952.17
1019 1020 1170.89
1020 1019 1170.89
1021 1022 20.68
1022 1021 20.68
1021 1023 20.41
1023 1021 20.41
1018 1021 182.41
1021 1018 182.41
1024 1025 48.55
1025 1024 48.55
1026 1027 29.25
1027 1026 29.25
1028 1029 39.4
1029 1028 39.4
1030 1031 33.52
1031 1030 33.52
1032 1033 164.51
1033 1032 164.51
1022 1023 1.69
1023 1022 1.69
1023 1034 169.36
1034 1023 169.36
1020 1022 8.47
1022 1020 8.47
1020 1035 67.15
1035 1020 67.15
1036 1037 123.76
1037 1036 123.76
1038 1039 58.02
1039 1038 58.02
1040 1041 30.5
1041 1040 30.5
1040 1042 33.86
1042 1040 33.86
1043 1044 140.89
1044 1043 140.89
1044 1045 63.19
1045 1044 63.19
1044 1046 183.18
1046 1044 183.18
127 1043 220.12
1043 127 220.12
1047 1048 85.51
1048 1047 85.51
1049 1050 159.06
1050 1049 159.06
1022 1035 66.79
1035 1022 66.79
1051 1052 86.04
1052 1051 86.04
1053 1054 1.47
1054 1053 1.47
1055 1056 6.89
1056 1055 6.89
1057 1058 56.05
1058 1057 56.05
1059 1060 83.01
1060 1059 83.01
1061 1062 155.94
1062 1061 155.94
21 1063 10.04
1063 21 10.04
1064 1065 31.29
1065 1064 31.29
1066 1067 459.7
1067 1066 459.7
1066 1068 149.29
1068 1066 149.29
1069 1070 166.65
1070 1069 166.65
1071 1072 57.28
1072 1071 57.28
1071 1073 134.79
1073 1071 134.79
1074 1075 84.22
1075 1074 84.22
1076 1077 56.8
1077 1076 56.8
1078 1079 116.23
1079 1078 116.23
1080 1081 81.14
1081 1080 81.14
1080 1082 77.77
1082 1080 77.77
1080 1083 503.73
1083 1080 503.73
459 1084 57.02
1084 459 57.02
1085 1086 114.96
1086 1085 114.96
1087 1088 275.25
1088 1087 275.25
1087 1089 78.39
1089 1087 78.39
1087 1090 104.73
1090 1087 104.73
1091 1092 340.58
1092 1091 340.58
1093 1094 66.23
1094 1093 66.23
1095 1096 98.42
1096 1095 98.42
1043 1097 654.28
1097 1043 654.28
1098 1099 99.47
1099 1098 99.47
1100 1101 81.07
1101 1100 81.07
1102 1103 114.37
1103 1102 114.37
1104 1105 57.8
1105 1104 57.8
1106 1107 83.31
1107 1106 83.31
1108 1109 51.24
1109 1108 51.24
1108 1110 40.13
1110 1108 40.13
1108 1111 64.6
1111 1108 64.6
1112 1113 22.07
1113 1112 22.07
1113 1114 34.14
1114 1113 34.14
1113 1115 86.39
1115 1113 86.39
1114 1116 21.07
1116 1114 21.07
1114 1117 35.83
1117 1114 35.83
1118 1119 45.72
1119 1118 45.72
1120 1121 77.21
1121 1120 77.21
1122 1123 92.07
1123 1122 92.07
1124 1125 78.06
1125 1124 78.06
1126 1127 152.16
1127 1126 152.16
1128 1129 23.33
1129 1128 23.33
878 1128 18.64
1128 878 18.64
1130 1131 133.31
1131 1130 133.31
997 1132 45.74
1132 997 45.74
1133 1134 15.04
1134 1133 15.04
989 1134 9.23
1134 989 9.23
995 1134 9.95
1134 995 9.95
1135 1136 554.67
1136 1135 554.67
1137 1138 377.39
1138 1137 377.39
1139 1140 93.52
1140 1139 93.52
1141 1142 92.92
1142 1141 92.92
1143 1144 24.35
1144 1143 24.35
1145 1146 206.28
1146 1145 206.28
170 377 190.92
377 170 190.92
1147 1148 343.85
1148 1147 343.85
1149 1150 37.17
1150 1149 37.17
1150 1151 38.33
1151 1150 38.33
1152 1153 82.06
1153 1152 82.06
1154 1155 22.93
1155 1154 22.93
1156 1157 83.96
1157 1156 83.96
740 1158 93.98
1158 740 93.98
1159 1160 86.63
1160 1159 86.63
1161 1162 65.33
1162 1161 65.33
1161 1163 50.63
1163 1161 50.63
1164 1165 171.38
1165 1164 171.38
1166 1167 82.78
1167 1166 82.78
1168 1169 31.54
1169 1168 31.54
1169 1170 29.25
1170 1169 29.25
1171 1172 97.82
1172 1171 97.82
1173 1174 83.77
1174 1173 83.77
1175 1176 68.87
1176 1175 68.87
699 702 84.83
702 699 84.83
1177 1178 64.11
1178 1177 64.11
1178 1179 57.9
1179 1178 57.9
1180 1181 39.66
1181 1180 39.66
1182 1183 44.77
1183 1182 44.77
1184 1185 12.43
1185 1184 12.43
854 1185 18.32
1185 854 18.32
1185 1186 63.03
1186 1185 63.03
854 1184 17.13
1184 854 17.13
1187 1188 251.14
1188 1187 251.14
1188 1189 366.73
1189 1188 366.73
1188 1190 576.52
1190 1188 576.52
1191 1192 17.35
1192 1191 17.35
1184 1191 259.58
1191 1184 259.58
852 1192 50.59
1192 852 50.59
852 1193 97.18
1193 852 97.18
855 1194 23.29
1194 855 23.29
846 855 59.2
855 846 59.2
1194 1195 13.24
1195 1194 13.24
1186 1194 41.16
1194 1186 41.16
846 1196 17.0
1196 846 17.0
1197 1198 16.35
1198 1197 16.35
544 1198 14.37
1198 544 14.37
544 1199 47.53
1199 544 47.53
544 1200 425.94
1200 544 425.94
1201 1202 294.27
1202 1201 294.27
84 1203 187.78
1203 84 187.78
1204 1205 22.96
1205 1204 22.96
1204 1206 35.76
1206 1204 35.76
1207 1208 404.38
1208 1207 404.38
1209 1210 908.91
1210 1209 908.91
394 1211 19.48
1211 394 19.48
394 1212 49.08
1212 394 49.08
1213 1214 72.38
1214 1213 72.38
1215 1216 44.62
1216 1215 44.62
1217 1218 48.21
1218 1217 48.21
1219 1220 99.88
1220 1219 99.88
1221 1222 33.44
1222 1221 33.44
1223 1224 33.22
1224 1223 33.22
247 1225 20.95
1225 247 20.95
574 1226 194.32
1226 574 194.32
1005 1227 71.61
1227 1005 71.61
1227 1228 72.99
1228 1227 72.99
1227 1229 53.36
1229 1227 53.36
733 1229 29.76
1229 733 29.76
732 1229 67.06
1229 732 67.06
725 732 67.22
732 725 67.22
1230 1231 109.29
1231 1230 109.29
1232 1233 183.82
1233 1232 183.82
1234 1235 112.38
1235 1234 112.38
1236 1237 119.99
1237 1236 119.99
1238 1239 119.42
1239 1238 119.42
1240 1241 119.04
1241 1240 119.04
1242 1243 79.06
1243 1242 79.06
1244 1245 68.11
1245 1244 68.11
534 1246 921.67
1246 534 921.67
534 1247 974.45
1247 534 974.45
1248 1249 81.07
1249 1248 81.07
1248 1250 9.18
1250 1248 9.18
1251 1252 74.74
1252 1251 74.74
1246 1251 264.75
1251 1246 264.75
1251 1253 97.11
1253 1251 97.11
1248 1254 183.26
1254 1248 183.26
1255 1256 406.33
1256 1255 406.33
636 1255 399.21
1255 636 399.21
1257 1258 72.61
1258 1257 72.61
531 1259 19.93
1259 531 19.93
1259 1260 62.34
1260 1259 62.34
1261 1262 206.6
1262 1261 206.6
1263 1264 140.6
1264 1263 140.6
1265 1266 51.43
1266 1265 51.43
1265 1267 143.4
1267 1265 143.4
1199 1268 96.99
1268 1199 96.99
1269 1270 618.62
1270 1269 618.62
1271 1272 525.51
1272 1271 525.51
1273 1274 47.77
1274 1273 47.77
1275 1276 48.51
1276 1275 48.51
1277 1278 126.61
1278 1277 126.61
1037 1279 12.36
1279 1037 12.36
721 728 65.86
728 721 65.86
721 1280 934.22
1280 721 934.22
730 737 239.13
737 730 239.13
730 1281 458.24
1281 730 458.24
744 1281 213.45
1281 744 213.45
1281 1282 96.84
1282 1281 96.84
1283 1284 495.5
1284 1283 495.5
1285 1286 106.86
1286 1285 106.86
1286 1287 139.89
1287 1286 139.89
1280 1282 747.84
1282 1280 747.84
1282 1288 293.85
1288 1282 293.85
745 1288 9.75
1288 745 9.75
745 1289 146.83
1289 745 146.83
751 1289 21.71
1289 751 21.71
746 1289 253.04
1289 746 253.04
1290 1291 22.1
1291 1290 22.1
1292 1293 13.95
1293 1292 13.95
1294 1295 62.79
1295 1294 62.79
1256 1294 153.63
1294 1256 153.63
1295 1296 452.07
1296 1295 452.07
976 1297 10.89
1297 976 10.89
33 976 52.51
976 33 52.51
1228 1298 14.32
1298 1228 14.32
733 1228 109.61
1228 733 109.61
1299 1300 35.49
1300 1299 35.49
1286 1300 65.5
1300 1286 65.5
1300 1301 284.58
1301 1300 284.58
252 936 375.88
936 252 375.88
936 1302 645.88
1302 936 645.88
1303 1304 48.42
1304 1303 48.42
1305 1306 16.32
1306 1305 16.32
1307 1308 169.48
1308 1307 169.48
1306 1309 16.07
1309 1306 16.07
1310 1311 51.81
1311 1310 51.81
1312 1313 22.79
1313 1312 22.79
1312 1314 27.53
1314 1312 27.53
1315 1316 21.89
1316 1315 21.89
1313 1317 25.32
1317 1313 25.32
1315 1317 60.56
1317 1315 60.56
1314 1318 30.24
1318 1314 30.24
1319 1320 235.45
1320 1319 235.45
1319 1321 37.2
1321 1319 37.2
1009 1322 45.04
1322 1009 45.04
1323 1324 82.15
1324 1323 82.15
1325 1326 110.64
1326 1325 110.64
1327 1328 54.66
1328 1327 54.66
382 1329 67.34
1329 382 67.34
1330 1331 480.84
1331 1330 480.84
1332 1333 22.6
1333 1332 22.6
282 1334 15.89
1334 282 15.89
285 1335 43.34
1335 285 43.34
1336 1337 102.64
1337 1336 102.64
282 1338 70.13
1338 282 70.13
285 1339 36.95
1339 285 36.95
1340 1341 64.29
1341 1340 64.29
874 875 11.33
875 874 11.33
1342 1343 13.3
1343 1342 13.3
66 1342 22.64
1342 66 22.64
1344 1345 15.49
1345 1344 15.49
25 1346 6.37
1346 25 6.37
25 1347 44.36
1347 25 44.36
1348 1349 28.87
1349 1348 28.87
1348 1350 24.22
1350 1348 24.22
1348 1351 30.71
1351 1348 30.71
1352 1353 53.93
1353 1352 53.93
1354 1355 787.4
1355 1354 787.4
1355 1356 338.24
1356 1355 338.24
1355 1357 306.05
1357 1355 306.05
1358 1359 286.84
1359 1358 286.84
1360 1361 45.65
1361 1360 45.65
1362 1363 64.11
1363 1362 64.11
1364 1365 157.75
1365 1364 157.75
490 1366 129.25
1366 490 129.25
1367 1368 47.89
1368 1367 47.89
1369 1370 85.75
1370 1369 85.75
1371 1372 22.06
1372 1371 22.06
1372 1373 60.52
1373 1372 60.52
1372 1374 120.33
1374 1372 120.33
1138 1375 143.74
1375 1138 143.74
1274 1376 376.39
1376 1274 376.39
1377 1378 84.21
1378 1377 84.21
1379 1380 112.62
1380 1379 112.62
1381 1382 12.07
1382 1381 12.07
45 1382 110.61
1382 45 110.61
1383 1384 38.27
1384 1383 38.27
1384 1385 63.64
1385 1384 63.64
1291 1383 31.9
1383 1291 31.9
1291 1292 112.47
1292 1291 112.47
1386 1387 64.12
1387 1386 64.12
1388 1389 23.58
1389 1388 23.58
1390 1391 91.14
1391 1390 91.14
165 555 42.59
555 165 42.59
572 1392 36.71
1392 572 36.71
1392 1393 85.48
1393 1392 85.48
1394 1395 222.84
1395 1394 222.84
550 1396 35.76
1396 550 35.76
1396 1397 22.48
1397 1396 22.48
550 1366 73.58
1366 550 73.58
1132 1398 135.37
1398 1132 135.37
1399 1400 302.0
1400 1399 302.0
1401 1402 210.91
1402 1401 210.91
1403 1404 95.6
1404 1403 95.6
1405 1406 57.1
1406 1405 57.1
1407 1408 11.31
1408 1407 11.31
257 1409 79.56
1409 257 79.56
1410 1411 70.78
1411 1410 70.78
1411 1412 193.51
1412 1411 193.51
1205 1412 230.81
1412 1205 230.81
1412 1413 115.27
1413 1412 115.27
1414 1415 372.1
1415 1414 372.1
1414 1416 251.66
1416 1414 251.66
1417 1418 68.86
1418 1417 68.86
1419 1420 11.46
1420 1419 11.46
1419 1421 17.77
1421 1419 17.77
1419 1422 15.59
1422 1419 15.59
1421 1423 5.16
1423 1421 5.16
1421 1424 21.8
1424 1421 21.8
1422 1423 6.98
1423 1422 6.98
1422 1425 24.9
1425 1422 24.9
1423 1426 9.01
1426 1423 9.01
1427 1428 6.69
1428 1427 6.69
1427 1429 31.04
1429 1427 31.04
1427 1430 34.59
1430 1427 34.59
1431 1432 34.52
1432 1431 34.52
1432 1433 19.06
1433 1432 19.06
1432 1434 8.25
1434 1432 8.25
1426 1435 26.99
1435 1426 26.99
1435 1436 7.53
1436 1435 7.53
1424 1435 8.72
1435 1424 8.72
1434 1437 8.18
1437 1434 8.18
1434 1438 34.24
1438 1434 34.24
1426 1439 8.16
1439 1426 8.16
1426 1440 31.53
1440 1426 31.53
1428 1439 8.4
1439 1428 8.4
1439 1441 31.63
1441 1439 31.63
1436 1439 27.28
1439 1436 27.28
1441 1442 32.47
1442 1441 32.47
1441 1443 7.51
1443 1441 7.51
1440 1441 8.61
1441 1440 8.61
1437 1442 33.98
1442 1437 33.98
1442 1444 7.41
1444 1442 7.41
1438 1442 8.18
1442 1438 8.18
1437 1445 6.88
1445 1437 6.88
1444 1445 33.74
1445 1444 33.74
1445 1446 40.72
1446 1445 40.72
1428 1443 30.65
1443 1428 30.65
1428 1430 27.58
1430 1428 27.58
1425 1431 32.21
1431 1425 32.21
1425 1440 8.73
1440 1425 8.73
1438 1440 32.56
1440 1438 32.56
1443 1444 33.42
1444 1443 33.42
1429 1443 6.87
1443 1429 6.87
1429 1446 33.04
1446 1429 33.04
1431 1438 8.51
1438 1431 8.51
1430 1436 8.5
1436 1430 8.5
1424 1447 24.62
1447 1424 24.62
1444 1446 7.03
1446 1444 7.03
1448 1449 580.85
1449 1448 580.85
1450 1451 18.61
1451 1450 18.61
1452 1453 73.65
1453 1452 73.65
1090 1454 76.03
1454 1090 76.03
1090 1455 62.05
1455 1090 62.05
1456 1457 65.8
1457 1456 65.8
1457 1458 57.3
1458 1457 57.3
1042 1458 53.66
1458 1042 53.66
1041 1459 23.87
1459 1041 23.87
1460 1461 44.44
1461 1460 44.44
1459 1462 42.27
1462 1459 42.27
1406 1463 19.54
1463 1406 19.54
1406 1464 43.84
1464 1406 43.84
1465 1466 103.46
1466 1465 103.46
1466 1467 19.77
1467 1466 19.77
1466 1468 153.75
1468 1466 153.75
1467 1469 107.6
1469 1467 107.6
1467 1468 55.88
1468 1467 55.88
1470 1471 285.12
1471 1470 285.12
485 1472 7.97
1472 485 7.97
770 1473 16.67
1473 770 16.67
1473 1474 275.56
1474 1473 275.56
1475 1476 118.71
1476 1475 118.71
1477 1478 52.3
1478 1477 52.3
1472 1479 29.01
1479 1472 29.01
1480 1481 223.67
1481 1480 223.67
1482 1483 8.45
1483 1482 8.45
480 1482 205.12
1482 480 205.12
1479 1483 29.03
1483 1479 29.03
1484 1485 116.3
1485 1484 116.3
1486 1487 188.31
1487 1486 188.31
1488 1489 136.5
1489 1488 136.5
1490 1491 6.1
1491 1490 6.1
819 1490 22.97
1490 819 22.97
1492 1493 74.69
1493 1492 74.69
1494 1495 90.65
1495 1494 90.65
1494 1496 136.66
1496 1494 136.66
87 1497 35.96
1497 87 35.96
87 1498 56.73
1498 87 56.73
87 688 222.22
688 87 222.22
1499 1500 438.91
1500 1499 438.91
1501 1502 59.01
1502 1501 59.01
1502 1503 25.01
1503 1502 25.01
1502 1504 49.91
1504 1502 49.91
1505 1506 105.67
1506 1505 105.67
1505 1507 138.21
1507 1505 138.21
1505 1508 96.19
1508 1505 96.19
1507 1509 142.12
1509 1507 142.12
1509 1510 37.69
1510 1509 37.69
1509 1511 379.04
1511 1509 379.04
1507 1508 70.02
1508 1507 70.02
1508 1510 94.09
1510 1508 94.09
1506 1510 260.25
1510 1506 260.25
1511 1512 29.65
1512 1511 29.65
1511 1513 42.92
1513 1511 42.92
1514 1515 37.21
1515 1514 37.21
1515 1516 42.2
1516 1515 42.2
1515 1517 137.73
1517 1515 137.73
1518 1519 20.53
1519 1518 20.53
1517 1518 154.71
1518 1517 154.71
398 1518 41.47
1518 398 41.47
1065 1519 137.47
1519 1065 137.47
1519 1520 130.51
1520 1519 130.51
1521 1522 14.17
1522 1521 14.17
1522 1523 60.61
1523 1522 60.61
1522 1524 58.22
1524 1522 58.22
1521 1523 12.47
1523 1521 12.47
1521 1525 45.72
1525 1521 45.72
1523 1526 76.02
1526 1523 76.02
398 1517 145.64
1517 398 145.64
1520 1527 7.84
1527 1520 7.84
1065 1520 52.39
1520 1065 52.39
1527 1528 68.54
1528 1527 68.54
1527 1529 27.13
1529 1527 27.13
1065 1526 92.85
1526 1065 92.85
1528 1530 31.89
1530 1528 31.89
1528 1531 28.83
1531 1528 28.83
489 1321 14.19
1321 489 14.19
1532 1533 270.77
1533 1532 270.77
712 1534 86.12
1534 712 86.12
1535 1536 32.55
1536 1535 32.55
1537 1538 95.4
1538 1537 95.4
1539 1540 139.05
1540 1539 139.05
1541 1542 86.78
1542 1541 86.78
1543 1544 29.12
1544 1543 29.12
1257 1545 82.61
1545 1257 82.61
1257 1546 56.43
1546 1257 56.43
1545 1547 46.84
1547 1545 46.84
1545 1548 104.54
1548 1545 104.54
1546 1549 147.94
1549 1546 147.94
1546 1550 98.75
1550 1546 98.75
1352 1551 162.13
1551 1352 162.13
184 1352 148.42
1352 184 148.42
1551 1552 43.71
1552 1551 43.71
1131 1551 73.8
1551 1131 73.8
184 1131 139.89
1131 184 139.89
1553 1554 50.61
1554 1553 50.61
1254 1555 21.94
1555 1254 21.94
1556 1557 172.95
1557 1556 172.95
1557 1558 79.12
1558 1557 79.12
1557 1559 79.51
1559 1557 79.51
1560 1561 13.5
1561 1560 13.5
1562 1563 108.37
1563 1562 108.37
1564 1565 148.37
1565 1564 148.37
1566 1567 122.21
1567 1566 122.21
1566 1568 5.34
1568 1566 5.34
1568 1569 31.12
1569 1568 31.12
1568 1570 277.77
1570 1568 277.77
1571 1572 284.4
1572 1571 284.4
1573 1574 15.36
1574 1573 15.36
1574 1575 40.62
1575 1574 40.62
1263 1574 72.03
1574 1263 72.03
1573 1576 9.68
1576 1573 9.68
1573 1575 43.61
1575 1573 43.61
1575 1577 18.93
1577 1575 18.93
1575 1578 40.29
1578 1575 40.29
1579 1580 43.58
1580 1579 43.58
1263 1581 32.81
1581 1263 32.81
1577 1580 19.11
1580 1577 19.11
1580 1582 51.95
1582 1580 51.95
1577 1583 70.99
1583 1577 70.99
66 236 196.58
236 66 196.58
1584 1585 30.28
1585 1584 30.28
1586 1587 27.53
1587 1586 27.53
382 1588 466.97
1588 382 466.97
1589 1590 222.36
1590 1589 222.36
1591 1592 122.88
1592 1591 122.88
1593 1594 2700.05
1594 1593 2700.05
1595 1596 102.55
1596 1595 102.55
1597 1598 760.82
1598 1597 760.82
1599 1600 190.55
1600 1599 190.55
1601 1602 55.59
1602 1601 55.59
1601 1603 142.63
1603 1601 142.63
1387 1604 32.4
1604 1387 32.4
1387 1605 114.09
1605 1387 114.09
1606 1607 15.32
1607 1606 15.32
1608 1609 46.66
1609 1608 46.66
1610 1611 448.46
1611 1610 448.46
1612 1613 27.02
1613 1612 27.02
1296 1613 164.13
1613 1296 164.13
1296 1301 156.64
1301 1296 156.64
1356 1614 159.88
1614 1356 159.88
1614 1615 428.54
1615 1614 428.54
1614 1616 234.35
1616 1614 234.35
43 1614 414.2
1614 43 414.2
246 248 48.35
248 246 48.35
1225 1226 18.79
1226 1225 18.79
248 1225 34.62
1225 248 34.62
1617 1618 57.5
1618 1617 57.5
1619 1620 521.29
1620 1619 521.29
248 1621 92.83
1621 248 92.83
41 955 269.42
955 41 269.42
41 912 462.48
912 41 462.48
955 1615 9.87
1615 955 9.87
1356 1615 1250.69
1615 1356 1250.69
952 1032 9.64
1032 952 9.64
1561 1622 94.01
1622 1561 94.01
1561 1623 47.5
1623 1561 47.5
1624 1625 46.22
1625 1624 46.22
1201 1626 89.34
1626 1201 89.34
642 782 160.73
782 642 160.73
540 1627 14.82
1627 540 14.82
1628 1629 3.01
1629 1628 3.01
1630 1631 243.22
1631 1630 243.22
1632 1633 513.18
1633 1632 513.18
334 1634 24.76
1634 334 24.76
1634 1635 133.7
1635 1634 133.7
1636 1637 63.96
1637 1636 63.96
540 1638 38.43
1638 540 38.43
540 1072 257.21
1072 540 257.21
1639 1640 43.91
1640 1639 43.91
1640 1641 97.38
1641 1640 97.38
1642 1643 0.17
1643 1642 0.17
1506 1644 244.98
1644 1506 244.98
1645 1646 70.71
1646 1645 70.71
1354 1647 353.65
1647 1354 353.65
1648 1649 134.32
1649 1648 134.32
1650 1651 54.39
1651 1650 54.39
1526 1652 13.35
1652 1526 13.35
1529 1652 76.83
1652 1529 76.83
1525 1652 49.83
1652 1525 49.83
1653 1654 166.42
1654 1653 166.42
1655 1656 118.87
1656 1655 118.87
1655 1657 226.56
1657 1655 226.56
1655 1658 120.22
1658 1655 120.22
1659 1660 84.98
1660 1659 84.98
1661 1662 189.3
1662 1661 189.3
1663 1664 157.72
1664 1663 157.72
35 1665 70.0
1665 35 70.0
35 1666 64.53
1666 35 64.53
35 1667 87.28
1667 35 87.28
1190 1668 161.44
1668 1190 161.44
1668 1669 168.71
1669 1668 168.71
1668 1670 444.46
1670 1668 444.46
1186 1187 126.96
1187 1186 126.96
1670 1671 145.97
1671 1670 145.97
1669 1671 116.05
1671 1669 116.05
1671 1672 242.54
1672 1671 242.54
219 1673 104.1
1673 219 104.1
1187 1189 242.83
1189 1187 242.83
1187 1674 734.65
1674 1187 734.65
1189 1674 120.19
1674 1189 120.19
1675 1676 116.6
1676 1675 116.6
1677 1678 79.84
1678 1677 79.84
1679 1680 18.68
1680 1679 18.68
1670 1679 72.15
1679 1670 72.15
1679 1681 19.06
1681 1679 19.06
624 1682 8.3
1682 624 8.3
624 1683 61.63
1683 624 61.63
257 1684 45.11
1684 257 45.11
1672 1680 483.72
1680 1672 483.72
1669 1672 843.59
1672 1669 843.59
1680 1681 17.38
1681 1680 17.38
1190 1674 22.93
1674 1190 22.93
1400 1685 32.47
1685 1400 32.47
1686 1687 9.37
1687 1686 9.37
1688 1689 157.88
1689 1688 157.88
1669 1670 199.41
1670 1669 199.41
1690 1691 43.11
1691 1690 43.11
615 1691 32.62
1691 615 32.62
617 1393 93.56
1393 617 93.56
1681 1692 425.64
1692 1681 425.64
130 1491 7.81
1491 130 7.81
1105 1693 49.42
1693 1105 49.42
1694 1695 60.06
1695 1694 60.06
1696 1697 160.81
1697 1696 160.81
1694 1698 42.79
1698 1694 42.79
1694 1699 155.39
1699 1694 155.39
1700 1701 171.42
1701 1700 171.42
1702 1703 46.44
1703 1702 46.44
1703 1704 42.22
1704 1703 42.22
1705 1706 10.09
1706 1705 10.09
1706 1707 45.14
1707 1706 45.14
1706 1708 35.77
1708 1706 35.77
1525 1529 86.5
1529 1525 86.5
1709 1710 159.91
1710 1709 159.91
1711 1712 87.53
1712 1711 87.53
531 1713 43.16
1713 531 43.16
1260 1714 13.83
1714 1260 13.83
1715 1716 71.79
1716 1715 71.79
55 59 56.96
59 55 56.96
1260 1715 53.26
1715 1260 53.26
1715 1717 116.29
1717 1715 116.29
1718 1719 30.53
1719 1718 30.53
1719 1720 115.68
1720 1719 115.68
1719 1721 40.21
1721 1719 40.21
1721 1722 43.7
1722 1721 43.7
1718 1721 31.57
1721 1718 31.57
720 1280 5.75
1280 720 5.75
1723 1724 216.38
1724 1723 216.38
1725 1726 211.26
1726 1725 211.26
806 1727 226.05
1727 806 226.05
1727 1728 21.6
1728 1727 21.6
1728 1729 57.17
1729 1728 57.17
1728 1730 40.93
1730 1728 40.93
921 1731 36.95
1731 921 36.95
921 1732 117.42
1732 921 117.42
1733 1734 94.3
1734 1733 94.3
1735 1736 186.23
1736 1735 186.23
1737 1738 120.66
1738 1737 120.66
794 1738 134.21
1738 794 134.21
144 1739 451.4
1739 144 451.4
1740 1741 8.65
1741 1740 8.65
1741 1742 13.63
1742 1741 13.63
1742 1743 87.17
1743 1742 87.17
1744 1745 65.19
1745 1744 65.19
1746 1747 73.8
1747 1746 73.8
1748 1749 171.62
1749 1748 171.62
1586 1750 34.46
1750 1586 34.46
980 1750 35.32
1750 980 35.32
1751 1752 166.27
1752 1751 166.27
1753 1754 835.04
1754 1753 835.04
1755 1756 46.08
1756 1755 46.08
1757 1758 33.51
1758 1757 33.51
1759 1760 18.02
1760 1759 18.02
1761 1762 1.52
