17 18 81.55
18 17 81.55
19 20 80.7
20 19 80.7
18 21 3.18
21 18 3.18
18 20 26.98
20 18 26.98
20 22 3.9
22 20 3.9
23 24 39.53
24 23 39.53
25 26 12.81
26 25 12.81
26 27 7.43
27 26 7.43
24 26 31.04
26 24 31.04
24 28 116.57
28 24 116.57
24 29 163.18
29 24 163.18
30 31 23.36
31 30 23.36
31 32 19.64
32 31 19.64
31 33 60.12
33 31 60.12
33 34 21.65
34 33 21.65
33 35 6.5
35 33 6.5
27 36 8.13
36 27 8.13
27 28 125.43
28 27 125.43
37 38 178.48
38 37 178.48
32 39 38.27
39 32 38.27
32 40 32.64
40 32 32.64
28 41 82.77
41 28 82.77
42 43 7.84
43 42 7.84
42 44 27.2
44 42 27.2
43 45 7.92
45 43 7.92
43 46 27.24
46 43 27.24
47 48 33.0
48 47 33.0
48 49 97.09
49 48 97.09
50 51 22.32
51 50 22.32
51 52 239.04
52 51 239.04
48 51 64.97
51 48 64.97
50 53 16.82
53 50 16.82
54 55 40.03
55 54 40.03
55 56 39.05
56 55 39.05
50 55 0.37
55 50 0.37
56 57 15.3
57 56 15.3
56 58 44.51
58 56 44.51
23 59 24.29
59 23 24.29
23 60 12.03
60 23 12.03
23 25 28.97
25 23 28.97
25 36 27.35
36 25 27.35
39 40 48.1
40 39 48.1
34 40 27.6
40 34 27.6
61 62 178.66
62 61 178.66
62 63 6.89
63 62 6.89
62 64 599.87
64 62 599.87
36 65 13.19
65 36 13.19
30 66 82.69
66 30 82.69
30 67 1.81
67 30 1.81
68 69 30.21
69 68 30.21
69 70 28.73
70 69 28.73
68 70 15.78
70 68 15.78
70 71 0.47
71 70 0.47
68 72 8.66
72 68 8.66
47 73 27.11
73 47 27.11
73 74 44.99
74 73 44.99
53 73 19.59
73 53 19.59
53 75 33.04
75 53 33.04
65 76 850.62
76 65 850.62
59 65 42.79
65 59 42.79
49 77 35.85
77 49 35.85
49 78 24.51
78 49 24.51
39 66 27.93
66 39 27.93
69 71 46.44
71 69 46.44
71 79 7.63
79 71 7.63
79 80 67.51
80 79 67.51
59 81 109.78
81 59 109.78
82 83 727.56
83 82 727.56
82 84 14.29
84 82 14.29
82 85 14.29
85 82 14.29
84 85 0.01
85 84 0.01
82 86 32.22
86 82 32.22
82 87 321.16
87 82 321.16
47 88 44.86
88 47 44.86
47 89 50.66
89 47 50.66
78 89 36.85
89 78 36.85
89 90 5.1
90 89 5.1
66 91 10.81
91 66 10.81
69 92 4.11
92 69 4.11
93 94 5.58
94 93 5.58
93 95 14.83
95 93 14.83
93 96 122.27
96 93 122.27
96 97 13.52
97 96 13.52
96 98 12.23
98 96 12.23
78 99 31.53
99 78 31.53
91 100 16.89
100 91 16.89
34 100 104.82
100 34 104.82
77 99 17.5
99 77 17.5
77 101 16.11
101 77 16.11
95 102 12.44
102 95 12.44
95 97 123.54
97 95 123.54
97 103 128.6
103 97 128.6
97 104 2.22
104 97 2.22
94 105 67.42
105 94 67.42
94 102 16.43
102 94 16.43
101 106 34.96
106 101 34.96
101 107 18.0
107 101 18.0
99 108 3.18
108 99 3.18
108 109 42.04
109 108 42.04
107 108 14.18
108 107 14.18
110 111 59.95
111 110 59.95
110 112 19.18
112 110 19.18
110 113 63.01
113 110 63.01
114 115 28.81
115 114 28.81
115 116 67.55
116 115 67.55
115 117 131.69
117 115 131.69
116 117 69.83
117 116 69.83
117 118 2.33
118 117 2.33
119 120 0.21
120 119 0.21
116 121 5.53
121 116 5.53
122 123 77.5
123 122 77.5
29 122 164.72
122 29 164.72
102 124 12.96
124 102 12.96
125 126 52.73
126 125 52.73
17 19 26.2
19 17 26.2
19 127 20.87
127 19 20.87
128 129 94.86
129 128 94.86
130 131 92.02
131 130 92.02
130 132 116.89
132 130 116.89
129 130 11.14
130 129 11.14
129 133 117.48
133 129 117.48
132 133 10.34
133 132 10.34
133 134 116.17
134 133 116.17
132 135 115.33
135 132 115.33
136 137 3.81
137 136 3.81
138 139 195.61
139 138 195.61
139 140 6.89
140 139 6.89
139 141 6.77
141 139 6.77
107 142 33.99
142 107 33.99
143 144 211.3
144 143 211.3
145 146 16.61
146 145 16.61
146 147 11.84
147 146 11.84
106 142 16.49
142 106 16.49
106 146 16.65
146 106 16.65
142 145 17.52
145 142 17.52
124 148 117.16
148 124 117.16
124 149 76.01
149 124 76.01
150 151 59.36
151 150 59.36
147 152 62.0
152 147 62.0
147 153 24.06
153 147 24.06
145 154 20.03
154 145 20.03
155 156 4.35
156 155 4.35
155 157 7.4
157 155 7.4
155 158 32.71
158 155 32.71
159 160 568.2
160 159 568.2
159 161 70.62
161 159 70.62
159 162 24.61
162 159 24.61
163 164 0.16
164 163 0.16
165 166 57.77
166 165 57.77
165 167 9.47
167 165 9.47
165 168 44.06
168 165 44.06
169 170 171.14
170 169 171.14
81 171 425.34
171 81 425.34
81 123 278.45
123 81 278.45
138 172 5.21
172 138 5.21
105 173 79.73
173 105 79.73
105 149 16.77
149 105 16.77
174 175 129.14
175 174 129.14
175 176 247.79
176 175 247.79
175 177 46.71
177 175 46.71
178 179 0.07
179 178 0.07
123 180 61.59
180 123 61.59
181 182 91.01
182 181 91.01
182 183 1.69
183 182 1.69
182 184 6.75
184 182 6.75
167 185 4.97
185 167 4.97
167 186 49.81
186 167 49.81
149 187 166.86
187 149 166.86
149 188 63.48
188 149 63.48
189 190 39.58
190 189 39.58
189 191 2.44
191 189 2.44
189 192 8.81
192 189 8.81
128 193 263.36
193 128 263.36
128 131 10.34
131 128 10.34
131 194 258.52
194 131 258.52
180 195 164.74
195 180 164.74
180 196 36.73
196 180 36.73
196 197 101.93
197 196 101.93
198 199 0.21
199 198 0.21
200 201 74.14
201 200 74.14
202 203 351.08
203 202 351.08
204 205 36.68
205 204 36.68
166 206 63.65
206 166 63.65
190 207 91.57
207 190 91.57
190 208 12.57
208 190 12.57
208 209 96.17
209 208 96.17
208 210 17.56
210 208 17.56
211 212 66.06
212 211 66.06
211 213 20.58
213 211 20.58
174 214 24.12
214 174 24.12
215 216 0.24
216 215 0.24
217 218 1574.81
218 217 1574.81
217 219 41.99
219 217 41.99
217 220 1009.69
220 217 1009.69
207 209 34.09
209 207 34.09
207 221 11.75
221 207 11.75
187 188 107.74
188 187 107.74
188 222 11.31
222 188 11.31
223 224 33.83
224 223 33.83
224 225 115.33
225 224 115.33
224 226 44.08
226 224 44.08
209 227 41.21
227 209 41.21
228 229 41.1
229 228 41.1
230 231 40.42
231 230 40.42
232 233 34.33
233 232 34.33
234 235 0.11
235 234 0.11
187 236 1.1
236 187 1.1
229 237 5.66
237 229 5.66
236 238 1151.11
238 236 1151.11
236 239 97.77
239 236 97.77
237 240 11.76
240 237 11.76
181 241 38.86
241 181 38.86
242 243 87.96
243 242 87.96
197 243 129.37
243 197 129.37
243 244 59.24
244 243 59.24
227 245 24.9
245 227 24.9
227 246 210.36
246 227 210.36
247 248 81.27
248 247 81.27
248 249 14.02
249 248 14.02
248 250 34.07
250 248 34.07
248 251 35.85
251 248 35.85
250 252 13.92
252 250 13.92
250 253 16.45
253 250 16.45
251 253 13.97
253 251 13.97
251 254 191.23
254 251 191.23
255 256 8.39
256 255 8.39
255 257 17.5
257 255 17.5
257 258 8.22
258 257 8.22
259 260 16.49
260 259 16.49
261 262 52.76
262 261 52.76
260 262 7.95
262 260 7.95
260 263 44.19
263 260 44.19
262 264 4.84
264 262 4.84
256 265 7.43
265 256 7.43
256 266 44.12
266 256 44.12
104 249 162.5
249 104 162.5
98 252 169.32
252 98 169.32
103 249 81.07
249 103 81.07
249 252 34.28
252 249 34.28
267 268 41.57
268 267 41.57
267 269 78.77
269 267 78.77
267 270 26.18
270 267 26.18
270 271 41.95
271 270 41.95
269 270 38.25
270 269 38.25
264 272 52.92
272 264 52.92
264 273 24.31
273 264 24.31
268 274 85.77
274 268 85.77
268 271 6.54
271 268 6.54
269 275 11.39
275 269 11.39
276 277 126.74
277 276 126.74
278 279 5.25
279 278 5.25
279 280 32.15
280 279 32.15
279 281 46.43
281 279 46.43
134 135 10.27
135 134 10.27
134 282 794.84
282 134 794.84
282 283 172.74
283 282 172.74
135 284 226.9
284 135 226.9
285 286 796.81
286 285 796.81
278 287 43.55
287 278 43.55
278 288 0.28
288 278 0.28
288 289 5.2
289 288 5.2
288 290 25.66
290 288 25.66
291 292 118.71
292 291 118.71
259 293 3.53
293 259 3.53
259 294 4.88
294 259 4.88
295 296 19.18
296 295 19.18
296 297 5.63
297 296 5.63
298 299 19.22
299 298 19.22
296 299 6.21
299 296 6.21
299 300 6.71
300 299 6.71
298 301 12.61
301 298 12.61
295 298 6.26
298 295 6.26
298 302 6.45
302 298 6.45
302 303 24.85
303 302 24.85
300 302 19.27
302 300 19.27
297 304 19.14
304 297 19.14
297 305 74.83
305 297 74.83
289 306 18.78
306 289 18.78
289 307 8.67
307 289 8.67
289 308 16.85
308 289 16.85
300 309 24.77
309 300 24.77
295 310 12.57
310 295 12.57
295 304 5.4
304 295 5.4
301 311 12.49
311 301 12.49
301 310 6.29
310 301 6.29
312 313 26.25
313 312 26.25
314 315 17.91
315 314 17.91
316 317 21.5
317 316 21.5
303 315 1.13
315 303 1.13
315 317 38.82
317 315 38.82
317 318 8.36
318 317 8.36
303 311 6.9
311 303 6.9
319 320 28.06
320 319 28.06
319 321 30.12
321 319 30.12
319 322 317.2
322 319 317.2
322 323 37.86
323 322 37.86
322 324 581.47
324 322 581.47
318 325 26.71
325 318 26.71
318 326 21.01
326 318 21.01
311 327 6.33
327 311 6.33
314 328 202.79
328 314 202.79
314 329 18.51
329 314 18.51
304 330 25.55
330 304 25.55
304 331 14.61
331 304 14.61
332 333 28.49
333 332 28.49
310 327 12.78
327 310 12.78
334 335 21.29
335 334 21.29
330 336 2.2
336 330 2.2
327 330 5.11
330 327 5.11
337 338 0.28
338 337 0.28
336 339 17.3
339 336 17.3
336 340 9.0
340 336 9.0
341 342 6.9
342 341 6.9
340 343 17.2
343 340 17.2
329 340 7.24
340 329 7.24
329 344 77.22
344 329 77.22
345 346 18.28
346 345 18.28
320 347 116.94
347 320 116.94
320 348 31.02
348 320 31.02
349 350 342.54
350 349 342.54
351 352 221.35
352 351 221.35
343 353 73.66
353 343 73.66
339 343 9.34
343 339 9.34
103 247 14.14
247 103 14.14
247 354 8.72
354 247 8.72
339 355 29.69
355 339 29.69
356 357 10.71
357 356 10.71
358 359 22.58
359 358 22.58
358 360 21.15
360 358 21.15
358 361 6.51
361 358 6.51
360 362 41.47
362 360 41.47
359 360 7.67
360 359 7.67
363 364 22.15
364 363 22.15
365 366 10.95
366 365 10.95
366 367 6.03
367 366 6.03
363 366 13.92
366 363 13.92
363 368 67.47
368 363 67.47
369 370 92.83
370 369 92.83
371 372 16.61
372 371 16.61
367 373 10.96
373 367 10.96
372 374 29.48
374 372 29.48
367 372 15.15
372 367 15.15
359 375 47.39
375 359 47.39
376 377 19.74
377 376 19.74
376 378 9.78
378 376 9.78
378 379 104.75
379 378 104.75
380 381 6.09
381 380 6.09
382 383 84.63
383 382 84.63
365 384 7.23
384 365 7.23
371 373 9.35
373 371 9.35
365 373 6.07
373 365 6.07
371 385 7.29
385 371 7.29
41 386 24.76
386 41 24.76
41 387 31.13
387 41 31.13
362 375 16.26
375 362 16.26
362 388 101.04
388 362 101.04
389 390 101.01
390 389 101.01
391 392 24.11
392 391 24.11
393 394 41.0
394 393 41.0
393 395 14.53
395 393 14.53
393 396 21.91
396 393 21.91
98 104 12.76
104 98 12.76
375 397 593.01
397 375 593.01
364 398 19.12
398 364 19.12
384 385 15.31
385 384 15.31
364 384 10.27
384 364 10.27
385 399 19.2
399 385 19.2
398 400 1.3
400 398 1.3
398 401 2.0
401 398 2.0
399 402 9.35
402 399 9.35
401 402 14.06
402 401 14.06
400 403 15.45
403 400 15.45
400 404 25.4
404 400 25.4
399 404 1.63
404 399 1.63
405 406 0.3
406 405 0.3
403 407 11.35
407 403 11.35
403 408 4.89
408 403 4.89
45 409 11.65
409 45 11.65
409 410 6.52
410 409 6.52
404 409 12.94
409 404 12.94
118 411 6.07
411 118 6.07
118 412 4.62
412 118 4.62
45 407 27.27
407 45 27.27
413 414 27.81
414 413 27.81
413 415 2.73
415 413 2.73
44 46 7.97
46 44 7.97
46 407 7.71
407 46 7.71
347 416 440.72
416 347 440.72
347 417 54.66
417 347 54.66
414 418 3.04
418 414 3.04
419 420 12.28
420 419 12.28
420 421 11.2
421 420 11.2
420 422 11.38
422 420 11.38
422 423 8.3
423 422 8.3
422 424 11.59
424 422 11.59
425 426 16.54
426 425 16.54
427 428 18.05
428 427 18.05
425 429 14.56
429 425 14.56
428 430 14.66
430 428 14.66
425 428 68.6
428 425 68.6
421 431 8.45
431 421 8.45
421 432 5.45
432 421 5.45
421 424 11.65
424 421 11.65
433 434 29.23
434 433 29.23
433 435 29.23
435 433 29.23
434 435 0.01
435 434 0.01
433 436 8.28
436 433 8.28
437 438 193.77
438 437 193.77
437 439 21.6
439 437 21.6
439 440 23.28
440 439 23.28
439 441 17.77
441 439 17.77
432 442 9.33
442 432 9.33
432 443 11.07
443 432 11.07
424 443 5.55
443 424 5.55
444 445 22.42
445 444 22.42
444 446 31.52
446 444 31.52
444 447 8.17
447 444 8.17
444 448 50.04
448 444 50.04
448 449 40.99
449 448 40.99
448 450 11.92
450 448 11.92
446 451 43.05
451 446 43.05
446 452 29.15
452 446 29.15
426 429 13.73
429 426 13.73
429 430 25.91
430 429 25.91
427 430 14.72
430 427 14.72
453 454 9.2
454 453 9.2
454 455 4.5
455 454 4.5
454 456 3.24
456 454 3.24
426 457 21.57
457 426 21.57
458 459 100.34
459 458 100.34
458 460 13.34
460 458 13.34
440 458 60.53
458 440 60.53
438 440 161.73
440 438 161.73
440 461 16.21
461 440 16.21
462 463 16.6
463 462 16.6
427 464 43.71
464 427 43.71
455 465 9.75
465 455 9.75
253 466 193.0
466 253 193.0
457 467 13.49
467 457 13.49
466 467 12.56
467 466 12.56
457 466 9.58
466 457 9.58
445 468 33.05
468 445 33.05
468 469 31.42
469 468 31.42
445 469 31.95
469 445 31.95
445 470 7.94
470 445 7.94
471 472 2.5
472 471 2.5
324 473 764.2
473 324 764.2
324 474 57.51
474 324 57.51
475 476 13.62
476 475 13.62
477 478 28.92
478 477 28.92
477 479 6.92
479 477 6.92
477 480 136.47
480 477 136.47
481 482 11.95
482 481 11.95
483 484 379.32
484 483 379.32
485 486 38.48
486 485 38.48
486 487 83.3
487 486 83.3
254 488 5.83
488 254 5.83
254 467 17.41
467 254 17.41
254 486 70.7
486 254 70.7
464 486 10.7
486 464 10.7
464 489 63.77
489 464 63.77
490 491 0.62
491 490 0.62
479 492 34.87
492 479 34.87
487 488 5.95
488 487 5.95
487 493 9.04
493 487 9.04
488 493 9.04
493 488 9.04
492 494 15.51
494 492 15.51
495 496 19.6
496 495 19.6
468 496 27.83
496 468 27.83
496 497 101.53
497 496 101.53
493 498 22.19
498 493 22.19
499 500 24.91
500 499 24.91
495 501 12.76
501 495 12.76
499 502 1.31
502 499 1.31
495 499 7.2
499 495 7.2
503 504 8.31
504 503 8.31
494 503 5.14
503 494 5.14
489 505 15.87
505 489 15.87
485 489 14.38
489 485 14.38
438 506 12.53
506 438 12.53
459 507 12.43
507 459 12.43
438 459 3.89
459 438 3.89
459 508 588.99
508 459 588.99
509 510 34.93
510 509 34.93
510 511 81.61
511 510 81.61
510 512 5.52
512 510 5.52
513 514 194.35
514 513 194.35
506 515 140.96
515 506 140.96
507 516 141.16
516 507 141.16
506 507 3.84
507 506 3.84
473 505 10.23
505 473 10.23
485 505 15.89
505 485 15.89
517 518 2.05
518 517 2.05
519 520 62.37
520 519 62.37
521 522 330.49
522 521 330.49
522 523 36.71
523 522 36.71
522 524 11.12
524 522 11.12
525 526 8.32
526 525 8.32
527 528 47.82
528 527 47.82
529 530 224.37
530 529 224.37
530 531 36.6
531 530 36.6
528 530 15.6
530 528 15.6
532 533 72.35
533 532 72.35
534 535 563.47
535 534 563.47
473 536 133.96
536 473 133.96
537 538 49.55
538 537 49.55
539 540 2.59
540 539 2.59
541 542 18.25
542 541 18.25
541 543 4.25
543 541 4.25
516 541 16.64
541 516 16.64
515 516 4.7
516 515 4.7
529 531 24.84
531 529 24.84
531 544 6.76
544 531 6.76
545 546 20.86
546 545 20.86
274 543 26.61
543 274 26.61
515 543 16.59
543 515 16.59
547 548 34.26
548 547 34.26
548 549 81.37
549 548 81.37
548 550 44.41
550 548 44.41
536 551 38.33
551 536 38.33
536 552 16.44
552 536 16.44
271 274 84.11
274 271 84.11
274 542 8.34
542 274 8.34
542 553 5.41
553 542 5.41
554 555 65.71
555 554 65.71
554 556 1.87
556 554 1.87
554 557 29.72
557 554 29.72
553 558 61.66
558 553 61.66
553 559 37.75
559 553 37.75
560 561 26.98
561 560 26.98
529 562 6.99
562 529 6.99
555 563 173.03
563 555 173.03
555 564 10.29
564 555 10.29
565 566 144.1
566 565 144.1
567 568 4.02
568 567 4.02
527 569 3.57
569 527 3.57
527 570 6.47
570 527 6.47
571 572 5.52
572 571 5.52
572 573 10.52
573 572 10.52
572 574 14.41
574 572 14.41
573 575 5.81
575 573 5.81
573 576 14.83
576 573 14.83
575 577 12.17
577 575 12.17
575 578 14.71
578 575 14.71
571 579 21.0
579 571 21.0
571 580 14.17
580 571 14.17
581 582 0.52
582 581 0.52
258 583 32.85
583 258 32.85
584 585 0.01
585 584 0.01
584 586 0.01
586 584 0.01
258 584 23.72
584 258 23.72
585 586 0.01
586 585 0.01
258 585 23.72
585 258 23.72
258 586 23.72
586 258 23.72
587 588 4.07
588 587 4.07
587 589 94.48
589 587 94.48
587 590 9.61
590 587 9.61
589 591 1.64
591 589 1.64
589 592 73.66
592 589 73.66
593 594 74.39
594 593 74.39
593 595 38.7
595 593 38.7
595 596 84.32
596 595 84.32
593 596 74.54
596 593 74.54
593 597 5.44
597 593 5.44
596 598 70.77
598 596 70.77
592 596 80.42
596 592 80.42
596 599 17.81
599 596 17.81
595 600 79.55
600 595 79.55
595 601 32.29
601 595 32.29
595 602 31.63
602 595 31.63
595 598 31.58
598 595 31.58
602 603 12.34
603 602 12.34
602 604 9.71
604 602 9.71
590 604 7.15
604 590 7.15
598 604 29.44
604 598 29.44
598 605 49.15
605 598 49.15
590 605 59.72
605 590 59.72
606 607 19.55
607 606 19.55
606 608 16.5
608 606 16.5
608 609 17.89
609 608 17.89
610 611 17.59
611 610 17.59
611 612 28.76
612 611 28.76
611 613 30.57
613 611 30.57
614 615 175.39
615 614 175.39
588 612 36.5
612 588 36.5
610 612 8.6
612 610 8.6
616 617 60.71
617 616 60.71
618 619 91.15
619 618 91.15
603 617 4.59
617 603 4.59
617 618 6.54
618 617 6.54
588 618 3.9
618 588 3.9
601 603 31.06
603 601 31.06
620 621 72.79
621 620 72.79
622 623 37.75
623 622 37.75
623 624 24.8
624 623 24.8
621 623 53.06
623 621 53.06
623 625 11.03
625 623 11.03
621 626 13.66
626 621 13.66
609 621 19.68
621 609 19.68
625 627 140.96
627 625 140.96
625 626 64.63
626 625 64.63
628 629 16.33
629 628 16.33
628 630 18.86
630 628 18.86
631 632 56.56
632 631 56.56
631 633 49.86
633 631 49.86
628 631 1.65
631 628 1.65
631 634 29.81
634 631 29.81
610 635 29.81
635 610 29.81
626 636 104.15
636 626 104.15
607 620 70.1
620 607 70.1
607 637 113.59
637 607 113.59
637 638 27.28
638 637 27.28
637 639 172.31
639 637 172.31
637 640 3.05
640 637 3.05
600 601 65.92
601 600 65.92
601 616 48.7
616 601 48.7
620 624 24.03
624 620 24.03
624 641 42.24
641 624 42.24
629 642 4.33
642 629 4.33
643 644 45.42
644 643 45.42
643 645 6.79
645 643 6.79
643 646 102.22
646 643 102.22
646 647 17.65
647 646 17.65
646 648 77.5
648 646 77.5
642 649 13.16
649 642 13.16
650 651 38.45
651 650 38.45
651 652 59.23
652 651 59.23
651 653 64.48
653 651 64.48
653 654 70.77
654 653 70.77
652 653 44.2
653 652 44.2
652 655 88.2
655 652 88.2
656 657 16.08
657 656 16.08
656 658 17.7
658 656 17.7
649 656 5.47
656 649 5.47
649 659 18.96
659 649 18.96
660 661 5.49
661 660 5.49
660 662 45.31
662 660 45.31
622 660 6.68
660 622 6.68
622 663 14.77
663 622 14.77
661 664 12.33
664 661 12.33
661 665 28.81
665 661 28.81
666 667 648.48
667 666 648.48
620 668 25.96
668 620 25.96
620 665 9.63
665 620 9.63
663 669 57.76
669 663 57.76
663 664 2.25
664 663 2.25
664 665 55.88
665 664 55.88
650 670 24.86
670 650 24.86
650 671 22.5
671 650 22.5
672 673 45.8
673 672 45.8
674 675 314.25
675 674 314.25
619 676 16.88
676 619 16.88
619 677 73.02
677 619 73.02
591 619 138.1
619 591 138.1
591 678 44.07
678 591 44.07
591 679 44.07
679 591 44.07
591 680 44.07
680 591 44.07
678 679 0.01
679 678 0.01
678 680 0.01
680 678 0.01
679 680 0.01
680 679 0.01
677 681 4.0
681 677 4.0
677 682 78.07
682 677 78.07
616 677 4.83
677 616 4.83
594 682 0.38
682 594 0.38
600 682 2.42
682 600 2.42
644 683 26.0
683 644 26.0
644 671 1.8
671 644 1.8
670 671 15.48
671 670 15.48
684 685 2.8
685 684 2.8
594 686 20.51
686 594 20.51
687 688 11.23
688 687 11.23
687 689 7.5
689 687 7.5
688 690 23.59
690 688 23.59
688 689 7.51
689 688 7.51
689 691 31.96
691 689 31.96
670 683 14.1
683 670 14.1
670 692 30.92
692 670 30.92
687 693 20.63
693 687 20.63
694 695 43.8
695 694 43.8
694 696 13.02
696 694 13.02
697 698 19.15
698 697 19.15
683 699 59.04
699 683 59.04
700 701 26.18
701 700 26.18
669 702 91.52
702 669 91.52
669 703 26.25
703 669 26.25
627 704 77.77
704 627 77.77
627 705 3.37
705 627 3.37
627 692 26.34
692 627 26.34
692 706 24.65
706 692 24.65
705 707 17.55
707 705 17.55
703 707 23.31
707 703 23.31
703 705 18.75
705 703 18.75
708 709 84.47
709 708 84.47
707 710 134.25
710 707 134.25
711 712 9.51
712 711 9.51
713 714 52.72
714 713 52.72
704 715 155.74
715 704 155.74
704 716 63.28
716 704 63.28
699 704 4.44
704 699 4.44
717 718 22.12
718 717 22.12
717 719 9.5
719 717 9.5
719 720 5.5
720 719 5.5
721 722 0.39
722 721 0.39
723 724 2.71
724 723 2.71
725 726 0.33
726 725 0.33
727 728 8.39
728 727 8.39
727 729 198.65
729 727 198.65
727 730 3.18
730 727 3.18
731 732 16.7
732 731 16.7
731 733 18.66
733 731 18.66
731 734 2.46
734 731 2.46
734 735 2.52
735 734 2.52
734 736 14.44
736 734 14.44
451 737 31.19
737 451 31.19
737 738 14.62
738 737 14.62
737 739 26.69
739 737 26.69
739 740 4.73
740 739 4.73
739 741 74.72
741 739 74.72
740 742 3.88
742 740 3.88
740 743 20.98
743 740 20.98
732 735 21.37
735 732 21.37
735 744 23.58
744 735 23.58
742 745 32.53
745 742 32.53
738 742 26.29
742 738 26.29
732 746 6.28
746 732 6.28
449 747 22.83
747 449 22.83
452 738 26.19
738 452 26.19
738 747 6.72
747 738 6.72
745 747 31.74
747 745 31.74
745 748 21.84
748 745 21.84
745 749 20.13
749 745 20.13
750 751 0.69
751 750 0.69
752 753 110.35
753 752 110.35
754 755 315.95
755 754 315.95
756 757 221.82
757 756 221.82
441 461 2.95
461 441 2.95
758 759 42.35
759 758 42.35
760 761 58.7
761 760 58.7
762 763 2.64
763 762 2.64
764 765 185.2
765 764 185.2
449 452 10.49
452 449 10.49
451 452 10.52
452 451 10.52
443 766 23.24
766 443 23.24
767 768 56.56
768 767 56.56
769 770 0.66
770 769 0.66
771 772 41.11
772 771 41.11
773 774 114.42
774 773 114.42
775 776 8.9
776 775 8.9
775 777 46.92
777 775 46.92
775 778 11.23
778 775 11.23
778 779 13.37
779 778 13.37
778 780 13.44
780 778 13.44
776 781 32.36
781 776 32.36
776 782 11.06
782 776 11.06
783 784 42.94
784 783 42.94
783 785 19.46
785 783 19.46
782 783 10.1
783 782 10.1
780 782 3.74
782 780 3.74
786 787 216.6
787 786 216.6
786 788 6.75
788 786 6.75
786 789 69.68
789 786 69.68
789 790 3.61
790 789 3.61
789 791 5.81
791 789 5.81
792 793 203.75
793 792 203.75
794 795 304.15
795 794 304.15
793 796 19.24
796 793 19.24
793 794 60.74
794 793 60.74
794 797 45.41
797 794 45.41
798 799 367.59
799 798 367.59
800 801 130.3
801 800 130.3
799 800 98.34
800 799 98.34
800 802 70.25
802 800 70.25
799 802 106.38
802 799 106.38
802 803 5.12
803 802 5.12
804 805 1.61
805 804 1.61
804 806 13.66
806 804 13.66
804 807 22.78
807 804 22.78
780 807 15.44
807 780 15.44
790 807 23.43
807 790 23.43
805 808 19.71
808 805 19.71
805 809 8.51
809 805 8.51
808 810 49.49
810 808 49.49
808 811 8.6
811 808 8.6
812 813 20.34
813 812 20.34
813 814 9.53
814 813 9.53
813 815 60.62
815 813 60.62
813 816 10.58
816 813 10.58
816 817 14.14
817 816 14.14
816 818 12.66
818 816 12.66
788 819 33.76
819 788 33.76
788 812 22.86
812 788 22.86
788 790 69.46
790 788 69.46
820 821 3.25
821 820 3.25
822 823 77.82
823 822 77.82
824 825 109.55
825 824 109.55
810 826 17.11
826 810 17.11
810 812 24.37
812 810 24.37
827 828 44.18
828 827 44.18
827 829 52.1
829 827 52.1
827 830 10.79
830 827 10.79
814 831 55.14
831 814 55.14
814 832 35.95
832 814 35.95
833 834 1.29
834 833 1.29
819 835 60.16
835 819 60.16
819 836 2.76
836 819 2.76
837 838 18.9
838 837 18.9
837 839 41.02
839 837 41.02
837 840 54.23
840 837 54.23
826 841 78.22
841 826 78.22
826 842 14.0
842 826 14.0
843 844 56.49
844 843 56.49
845 846 55.73
846 845 55.73
844 847 21.24
847 844 21.24
844 845 2.75
845 844 2.75
845 847 11.61
847 845 11.61
848 849 7.07
849 848 7.07
829 850 69.78
850 829 69.78
846 851 79.33
851 846 79.33
846 852 58.36
852 846 58.36
853 854 44.77
854 853 44.77
855 856 167.33
856 855 167.33
857 858 364.59
858 857 364.59
843 859 63.97
859 843 63.97
639 841 10.2
841 639 10.2
841 860 27.79
860 841 27.79
861 862 32.16
862 861 32.16
835 863 70.05
863 835 70.05
835 864 58.28
864 835 58.28
865 866 59.29
866 865 59.29
867 868 3.93
868 867 3.93
869 870 11.05
870 869 11.05
850 870 2.23
870 850 2.23
870 871 14.31
871 870 14.31
850 872 8.91
872 850 8.91
873 874 53.81
874 873 53.81
874 875 18.31
875 874 18.31
874 876 116.3
876 874 116.3
863 877 13.23
877 863 13.23
863 878 6.36
878 863 6.36
801 879 158.23
879 801 158.23
801 880 101.52
880 801 101.52
881 882 41.01
882 881 41.01
864 877 70.61
877 864 70.61
639 864 9.27
864 639 9.27
883 884 10.34
884 883 10.34
885 886 21.36
886 885 21.36
885 887 33.86
887 885 33.86
885 888 26.58
888 885 26.58
877 889 5.94
889 877 5.94
889 890 9.2
890 889 9.2
889 891 9.4
891 889 9.4
892 893 13.54
893 892 13.54
893 894 4.07
894 893 4.07
872 893 15.31
893 872 15.31
872 895 13.01
895 872 13.01
891 896 7.24
896 891 7.24
787 891 33.24
891 787 33.24
886 894 65.25
894 886 65.25
894 897 18.87
897 894 18.87
859 898 26.09
898 859 26.09
852 898 54.19
898 852 54.19
899 900 898.52
900 899 898.52
890 901 39.66
901 890 39.66
890 896 8.96
896 890 8.96
902 903 33.2
903 902 33.2
904 905 21.59
905 904 21.59
636 787 78.11
787 636 78.11
896 906 8.11
906 896 8.11
907 908 8.06
908 907 8.06
907 909 10.96
909 907 10.96
907 910 4.23
910 907 4.23
911 912 23.16
912 911 23.16
654 798 53.82
798 654 53.82
798 913 39.7
913 798 39.7
913 914 15.51
914 913 15.51
913 915 20.03
915 913 20.03
909 916 6.38
916 909 6.38
909 917 4.82
917 909 4.82
909 918 2.08
918 909 2.08
908 919 9.37
919 908 9.37
908 920 4.85
920 908 4.85
640 906 85.6
906 640 85.6
906 921 19.99
921 906 19.99
922 923 29.14
923 922 29.14
921 924 46.11
924 921 46.11
921 925 6.12
925 921 6.12
873 926 128.77
926 873 128.77
636 873 51.64
873 636 51.64
924 927 39.08
927 924 39.08
924 928 32.27
928 924 32.27
929 930 0.28
930 929 0.28
931 932 11.85
932 931 11.85
648 933 136.41
933 648 136.41
931 934 31.96
934 931 31.96
931 933 22.5
933 931 22.5
655 933 1.77
933 655 1.77
647 655 44.35
655 647 44.35
934 935 1.78
935 934 1.78
916 935 22.19
935 916 22.19
935 936 5.65
936 935 5.65
916 919 7.96
919 916 7.96
936 937 14.83
937 936 14.83
934 938 21.14
938 934 21.14
283 939 396.28
939 283 396.28
940 941 0.8
941 940 0.8
919 942 8.63
942 919 8.63
648 937 9.61
937 648 9.61
943 944 1.98
944 943 1.98
932 945 2.62
945 932 2.62
932 946 5.66
946 932 5.66
947 948 13.63
948 947 13.63
949 950 34.91
950 949 34.91
636 951 12.99
951 636 12.99
952 953 24.31
953 952 24.31
953 954 37.66
954 953 37.66
953 955 6.9
955 953 6.9
927 928 35.05
928 927 35.05
928 951 6.64
951 928 6.64
938 956 8.96
956 938 8.96
957 958 9.65
958 957 9.65
957 959 5.55
959 957 5.55
938 957 4.61
957 938 4.61
954 960 32.88
960 954 32.88
954 961 23.17
961 954 23.17
958 962 9.69
962 958 9.69
945 958 12.16
958 945 12.16
945 963 8.63
963 945 8.63
951 964 40.92
964 951 40.92
879 880 12.25
880 879 12.25
880 965 7.96
965 880 7.96
654 966 40.23
966 654 40.23
640 927 7.36
927 640 7.36
592 605 5.96
605 592 5.96
592 967 14.12
967 592 14.12
609 968 36.36
968 609 36.36
964 968 18.6
968 964 18.6
968 969 3.47
969 968 3.47
964 970 3.64
970 964 3.64
647 971 36.03
971 647 36.03
972 973 27.79
973 972 27.79
972 974 71.67
974 972 71.67
974 975 310.76
975 974 310.76
974 976 5.39
976 974 5.39
977 978 25.87
978 977 25.87
978 979 9.37
979 978 9.37
978 980 33.09
980 978 33.09
979 981 14.91
981 979 14.91
979 982 14.64
982 979 14.64
977 983 9.37
983 977 9.37
983 984 42.8
984 983 42.8
981 983 10.99
983 981 10.99
984 985 16.35
985 984 16.35
984 986 11.18
986 984 11.18
981 987 38.19
987 981 38.19
977 986 91.13
986 977 91.13
986 988 17.25
988 986 17.25
989 990 53.95
990 989 53.95
990 991 64.93
991 990 64.93
992 993 22.93
993 992 22.93
992 994 23.99
994 992 23.99
990 992 10.59
992 990 10.59
991 995 24.31
995 991 24.31
989 991 22.0
991 989 22.0
996 997 31.75
997 996 31.75
997 998 20.72
998 997 20.72
989 997 23.06
997 989 23.06
995 997 29.76
997 995 29.76
995 999 16.63
999 995 16.63
996 1000 23.3
1000 996 23.3
1000 1001 15.28
1001 1000 15.28
1000 1002 134.12
1002 1000 134.12
989 1000 31.57
1000 989 31.57
1001 1003 2.12
1003 1001 2.12
1001 1004 11.81
1004 1001 11.81
1003 1005 22.89
1005 1003 22.89
1003 1006 12.91
1006 1003 12.91
1004 1007 5.63
1007 1004 5.63
1006 1008 25.63
1008 1006 25.63
1006 1009 142.32
1009 1006 142.32
1007 1010 46.16
1010 1007 46.16
1008 1011 45.31
1011 1008 45.31
1008 1012 14.66
1012 1008 14.66
1012 1013 20.74
1013 1012 20.74
1005 1012 1.13
1012 1005 1.13
1014 1015 5.37
1015 1014 5.37
1016 1017 111.83
1017 1016 111.83
996 1005 16.67
1005 996 16.67
1018 1019 84.08
1019 1018 84.08
1019 1020 59.5
1020 1019 59.5
1019 1021 36.82
1021 1019 36.82
1022 1023 54.23
1023 1022 54.23
1018 1024 1.49
1024 1018 1.49
1018 1025 41.41
1025 1018 41.41
1026 1027 29.25
1027 1026 29.25
1028 1029 64.56
1029 1028 64.56
1030 1031 2.03
1031 1030 2.03
1032 1033 27.6
1033 1032 27.6
1034 1035 72.78
1035 1034 72.78
1036 1037 217.79
1037 1036 217.79
1038 1039 25.44
1039 1038 25.44
1040 1041 6.89
1041 1040 6.89
1041 1042 226.91
1042 1041 226.91
1041 1043 85.96
1043 1041 85.96
1044 1045 10.51
1045 1044 10.51
1046 1047 391.57
1047 1046 391.57
1046 1048 6.25
1048 1046 6.25
1046 1049 48.41
1049 1046 48.41
1050 1051 33.57
1051 1050 33.57
1052 1053 63.36
1053 1052 63.36
1054 1055 154.29
1055 1054 154.29
1056 1057 200.28
1057 1056 200.28
1058 1059 496.37
1059 1058 496.37
1060 1061 1.26
1061 1060 1.26
1062 1063 0.02
1063 1062 0.02
1064 1065 74.54
1065 1064 74.54
1066 1067 100.42
1067 1066 100.42
1068 1069 243.05
1069 1068 243.05
1070 1071 45.87
1071 1070 45.87
1072 1073 63.13
1073 1072 63.13
1074 1075 53.21
1075 1074 53.21
1076 1077 32.33
1077 1076 32.33
939 1078 53.39
1078 939 53.39
939 1079 196.81
1079 939 196.81
1079 1080 1904.54
1080 1079 1904.54
1081 1082 164.34
1082 1081 164.34
1081 1083 303.38
1083 1081 303.38
1081 1084 131.35
1084 1081 131.35
1085 1086 91.44
1086 1085 91.44
1087 1088 160.23
1088 1087 160.23
1089 1090 174.5
1090 1089 174.5
1091 1092 121.08
1092 1091 121.08
1093 1094 180.95
1094 1093 180.95
1095 1096 243.68
1096 1095 243.68
1097 1098 212.89
1098 1097 212.89
1099 1100 34.76
1100 1099 34.76
1101 1102 20.38
1102 1101 20.38
1103 1104 286.82
1104 1103 286.82
1105 1106 1.18
1106 1105 1.18
1107 1108 541.04
1108 1107 541.04
1109 1110 0.07
1110 1109 0.07
1111 1112 920.89
1112 1111 920.89
1113 1114 583.11
1114 1113 583.11
1115 1116 65.32
1116 1115 65.32
1117 1118 4.77
1118 1117 4.77
1117 1119 21.73
1119 1117 21.73
1117 1120 208.46
1120 1117 208.46
1047 1121 60.79
1121 1047 60.79
1047 1122 6.69
1122 1047 6.69
1123 1124 107.56
1124 1123 107.56
1124 1125 188.82
1125 1124 188.82
1124 1126 4.64
1126 1124 4.64
1123 1127 228.15
1127 1123 228.15
1123 1128 5.57
1128 1123 5.57
1125 1129 14.11
1129 1125 14.11
1082 1130 243.66
1130 1082 243.66
1082 1131 1648.03
1131 1082 1648.03
1132 1133 71.34
1133 1132 71.34
1134 1135 174.65
1135 1134 174.65
1136 1137 20.45
1137 1136 20.45
1138 1139 96.51
1139 1138 96.51
1140 1141 10.03
1141 1140 10.03
1142 1143 2.45
1143 1142 2.45
1144 1145 151.37
1145 1144 151.37
1146 1147 119.46
1147 1146 119.46
1148 1149 0.22
1149 1148 0.22
1127 1150 9.68
1150 1127 9.68
1127 1151 15.65
1151 1127 15.65
1152 1153 187.63
1153 1152 187.63
1153 1154 10.05
1154 1153 10.05
1153 1155 169.35
1155 1153 169.35
1156 1157 658.23
1157 1156 658.23
1158 1159 32.03
1159 1158 32.03
1160 1161 163.82
1161 1160 163.82
1162 1163 1068.94
1163 1162 1068.94
1164 1165 320.32
1165 1164 320.32
1166 1167 3.12
1167 1166 3.12
780 1168 39.69
1168 780 39.69
1169 1170 253.57
1170 1169 253.57
797 1171 7.34
1171 797 7.34
1172 1173 124.62
1173 1172 124.62
1174 1175 223.11
1175 1174 223.11
1175 1176 247.4
1176 1175 247.4
1174 1176 50.42
1176 1174 50.42
1176 1177 46.83
1177 1176 46.83
1174 1178 14.07
1178 1174 14.07
1177 1179 15.51
1179 1177 15.51
1180 1181 102.55
1181 1180 102.55
1181 1182 41.24
1182 1181 41.24
1181 1183 125.76
1183 1181 125.76
1184 1185 243.16
1185 1184 243.16
1182 1186 563.63
1186 1182 563.63
1182 1187 71.18
1187 1182 71.18
1188 1189 231.52
1189 1188 231.52
1180 1188 178.37
1188 1180 178.37
1188 1190 343.73
1190 1188 343.73
1190 1191 11.74
1191 1190 11.74
1190 1192 37.41
1192 1190 37.41
1180 1187 4.69
1187 1180 4.69
1179 1193 159.87
1193 1179 159.87
1194 1195 179.68
1195 1194 179.68
1192 1194 43.26
1194 1192 43.26
1194 1196 9.17
1196 1194 9.17
1197 1198 104.33
1198 1197 104.33
1199 1200 88.38
1200 1199 88.38
1201 1202 216.26
1202 1201 216.26
1203 1204 108.7
1204 1203 108.7
1203 1205 307.53
1205 1203 307.53
1203 1206 5.93
1206 1203 5.93
1206 1207 13.42
1207 1206 13.42
1206 1208 15.72
1208 1206 15.72
1175 1209 204.41
1209 1175 204.41
1210 1211 246.04
1211 1210 246.04
1212 1213 179.7
1213 1212 179.7
1204 1214 14.37
1214 1204 14.37
1212 1215 18.31
1215 1212 18.31
1204 1212 2.9
1212 1204 2.9
1189 1216 259.14
1216 1189 259.14
1189 1217 105.87
1217 1189 105.87
1187 1217 285.09
1217 1187 285.09
1218 1219 15.36
1219 1218 15.36
1207 1213 236.52
1213 1207 236.52
1207 1220 9.38
1220 1207 9.38
1186 1221 11.16
1221 1186 11.16
1186 1222 36.32
1222 1186 36.32
1217 1223 90.32
1223 1217 90.32
1216 1222 50.44
1222 1216 50.44
1222 1224 8.86
1224 1222 8.86
1216 1225 10.96
1225 1216 10.96
1226 1227 2.93
1227 1226 2.93
1221 1227 13.6
1227 1221 13.6
1227 1228 372.05
1228 1227 372.05
1221 1229 15.39
1229 1221 15.39
1213 1230 72.26
1230 1213 72.26
1231 1232 776.64
1232 1231 776.64
1230 1233 399.41
1233 1230 399.41
1230 1234 9.4
1234 1230 9.4
1235 1236 21.11
1236 1235 21.11
1235 1237 4.87
1237 1235 4.87
1235 1238 6.04
1238 1235 6.04
1237 1239 3.42
1239 1237 3.42
1237 1240 2.94
1240 1237 2.94
1241 1242 226.1
1242 1241 226.1
1241 1243 191.93
1243 1241 191.93
1241 1244 411.9
1244 1241 411.9
1241 1245 97.3
1245 1241 97.3
1246 1247 116.36
1247 1246 116.36
1244 1248 201.38
1248 1244 201.38
1244 1249 94.39
1249 1244 94.39
1248 1250 32.96
1250 1248 32.96
1243 1250 24.56
1250 1243 24.56
1243 1248 27.76
1248 1243 27.76
1251 1252 26.32
1252 1251 26.32
1242 1253 92.49
1253 1242 92.49
1242 1254 8.61
1254 1242 8.61
1250 1253 33.75
1253 1250 33.75
1253 1255 6.03
1255 1253 6.03
1256 1257 541.89
1257 1256 541.89
1258 1259 0.12
1259 1258 0.12
1260 1261 217.47
1261 1260 217.47
1262 1263 50.95
1263 1262 50.95
1263 1264 142.11
1264 1263 142.11
1263 1265 27.34
1265 1263 27.34
1266 1267 22.57
1267 1266 22.57
1267 1268 20.49
1268 1267 20.49
1267 1269 10.92
1269 1267 10.92
1262 1270 22.36
1270 1262 22.36
1262 1271 4.46
1271 1262 4.46
1271 1272 9.05
1272 1271 9.05
1271 1273 37.9
1273 1271 37.9
1272 1274 42.84
1274 1272 42.84
1272 1275 3.8
1275 1272 3.8
1274 1276 41.61
1276 1274 41.61
1274 1277 10.82
1277 1274 10.82
1270 1278 163.91
1278 1270 163.91
1270 1279 95.58
1279 1270 95.58
1276 1277 43.24
1277 1276 43.24
1273 1277 59.79
1277 1273 59.79
1273 1280 52.18
1280 1273 52.18
1264 1280 101.69
1280 1264 101.69
1280 1281 17.25
1281 1280 17.25
1264 1282 964.01
1282 1264 964.01
1283 1284 20.0
1284 1283 20.0
1278 1279 78.08
1279 1278 78.08
1279 1285 18.69
1285 1279 18.69
1286 1287 22.37
1287 1286 22.37
1287 1288 54.96
1288 1287 54.96
1287 1289 33.34
1289 1287 33.34
1288 1289 64.37
1289 1288 64.37
1288 1290 36.54
1290 1288 36.54
1285 1291 81.72
1291 1285 81.72
1285 1292 42.21
1292 1285 42.21
1276 1285 31.26
1285 1276 31.26
1293 1294 62.53
1294 1293 62.53
1294 1295 7.51
1295 1294 7.51
1294 1296 15.87
1296 1294 15.87
1286 1297 12.16
1297 1286 12.16
1286 1298 9.49
1298 1286 9.49
1289 1299 52.74
1299 1289 52.74
1300 1301 3.76
1301 1300 3.76
1292 1300 93.01
1300 1292 93.01
1301 1302 534.49
1302 1301 534.49
1292 1301 22.66
1301 1292 22.66
1300 1303 193.59
1303 1300 193.59
1278 1304 13.38
1304 1278 13.38
1298 1305 14.83
1305 1298 14.83
1305 1306 35.44
1306 1305 35.44
1307 1308 12.63
1308 1307 12.63
1307 1309 6.35
1309 1307 6.35
1307 1310 10.89
1310 1307 10.89
1304 1307 15.17
1307 1304 15.17
1304 1311 7.74
1311 1304 7.74
1312 1313 15.32
1313 1312 15.32
1291 1314 22.05
1314 1291 22.05
1291 1310 20.38
1310 1291 20.38
1310 1315 2.62
1315 1310 2.62
1309 1316 16.85
1316 1309 16.85
1311 1317 15.37
1317 1311 15.37
1309 1317 23.57
1317 1309 23.57
1309 1311 13.53
1311 1309 13.53
1316 1318 34.78
1318 1316 34.78
1314 1316 1.02
1316 1314 1.02
1314 1318 32.82
1318 1314 32.82
1319 1320 28.81
1320 1319 28.81
1319 1321 14.89
1321 1319 14.89
1319 1322 53.3
1322 1319 53.3
1323 1324 107.11
1324 1323 107.11
1325 1326 263.91
1326 1325 263.91
1326 1327 430.68
1327 1326 430.68
1323 1328 64.35
1328 1323 64.35
1323 1326 101.54
1326 1323 101.54
1317 1329 56.15
1329 1317 56.15
976 1328 70.99
1328 976 70.99
1328 1330 616.74
1330 1328 616.74
1331 1332 0.32
1332 1331 0.32
1331 1333 33.68
1333 1331 33.68
1331 1334 8.3
1334 1331 8.3
988 1334 47.89
1334 988 47.89
1334 1335 91.39
1335 1334 91.39
988 1336 37.28
1336 988 37.28
1335 1337 25.31
1337 1335 25.31
1329 1335 46.8
1335 1329 46.8
980 1336 52.8
1336 980 52.8
1336 1338 10.58
1338 1336 10.58
1339 1340 80.29
1340 1339 80.29
1318 1339 52.7
1339 1318 52.7
1329 1339 30.5
1339 1329 30.5
1341 1342 17.21
1342 1341 17.21
1342 1343 19.91
1343 1342 19.91
1342 1344 7.09
1344 1342 7.09
1345 1346 8.28
1346 1345 8.28
1325 1347 542.83
1347 1325 542.83
1324 1325 285.03
1325 1324 285.03
980 982 8.92
982 980 8.92
976 1324 40.56
1324 976 40.56
1348 1349 14.57
1349 1348 14.57
982 1350 4.16
1350 982 4.16
1351 1352 9.01
1352 1351 9.01
1352 1353 3.26
1353 1352 3.26
1354 1355 8.11
1355 1354 8.11
1352 1355 8.07
1355 1352 8.07
1355 1356 1.16
1356 1355 1.16
1357 1358 102.06
1358 1357 102.06
1359 1360 7.53
1360 1359 7.53
1365 1366 103.46
1366 1365 103.46
1367 1368 22.88
1368 1367 22.88
1369 1370 32.82
1370 1369 32.82
1369 1371 27.11
1371 1369 27.11
1369 1372 31.41
1372 1369 31.41
1373 1374 28.77
1374 1373 28.77
1370 1375 54.62
1375 1370 54.62
1375 1376 30.54
1376 1375 30.54
1375 1377 25.77
1377 1375 25.77
1370 1378 83.19
1378 1370 83.19
1379 1380 11.41
1380 1379 11.41
1381 1382 194.07
1382 1381 194.07
1380 1381 298.26
1381 1380 298.26
1381 1383 16.94
1383 1381 16.94
1379 1382 3.66
1382 1379 3.66
1382 1384 172.43
1384 1382 172.43
1385 1386 610.21
1386 1385 610.21
1387 1388 226.39
1388 1387 226.39
1387 1389 5.81
1389 1387 5.81
1387 1390 8.76
1390 1387 8.76
1391 1392 16.15
1392 1391 16.15
1392 1393 6.21
1393 1392 6.21
1390 1392 20.32
1392 1390 20.32
1394 1395 152.19
1395 1394 152.19
1395 1396 380.12
1396 1395 380.12
1395 1397 120.87
1397 1395 120.87
1397 1398 23.69
1398 1397 23.69
1397 1399 18.37
1399 1397 18.37
1391 1396 21.67
1396 1391 21.67
1391 1400 14.9
1400 1391 14.9
1396 1400 21.19
1400 1396 21.19
1400 1401 2.03
1401 1400 2.03
1401 1402 28.56
1402 1401 28.56
1390 1401 26.91
1401 1390 26.91
1398 1399 8.62
1399 1398 8.62
1399 1403 1.44
1403 1399 1.44
1398 1404 285.34
1404 1398 285.34
1405 1406 248.61
1406 1405 248.61
1407 1408 48.67
1408 1407 48.67
1394 1409 23.37
1409 1394 23.37
1394 1404 21.94
1404 1394 21.94
1410 1411 174.75
1411 1410 174.75
1404 1409 22.25
1409 1404 22.25
1412 1413 143.16
1413 1412 143.16
1414 1415 53.99
1415 1414 53.99
1416 1417 157.25
1417 1416 157.25
1402 1418 209.7
1418 1402 209.7
1417 1419 23.53
1419 1417 23.53
1402 1417 392.9
1417 1402 392.9
1388 1420 184.31
1420 1388 184.31
1388 1418 49.15
1418 1388 49.15
1418 1421 167.22
1421 1418 167.22
1422 1423 237.92
1423 1422 237.92
1424 1425 16.15
1425 1424 16.15
1426 1427 6.1
1427 1426 6.1
1426 1428 323.48
1428 1426 323.48
1426 1429 15.1
1429 1426 15.1
1427 1430 28.7
1430 1427 28.7
1409 1427 82.92
1427 1409 82.92
1191 1420 306.2
1420 1191 306.2
1420 1431 94.09
1431 1420 94.09
1432 1433 697.47
1433 1432 697.47
1434 1435 117.82
1435 1434 117.82
1436 1437 102.56
1437 1436 102.56
1191 1438 12.99
1438 1191 12.99
1192 1439 17.46
1439 1192 17.46
1440 1441 4.91
1441 1440 4.91
1442 1443 152.9
1443 1442 152.9
1444 1445 10.82
1445 1444 10.82
1446 1447 122.16
1447 1446 122.16
1448 1449 407.94
1449 1448 407.94
1450 1451 166.28
1451 1450 166.28
1452 1453 383.78
1453 1452 383.78
1454 1455 345.84
1455 1454 345.84
1456 1457 96.96
1457 1456 96.96
1458 1459 3.31
1459 1458 3.31
1460 1461 84.59
1461 1460 84.59
1461 1462 39.89
1462 1461 39.89
1461 1463 2.63
1463 1461 2.63
1463 1464 40.1
1464 1463 40.1
1463 1465 19.71
1465 1463 19.71
1463 1466 7.73
1466 1463 7.73
1467 1468 28.14
1468 1467 28.14
1467 1469 4.56
1469 1467 4.56
1467 1470 10.0
1470 1467 10.0
1471 1472 26.03
1472 1471 26.03
1473 1474 24.9
1474 1473 24.9
1475 1476 29.06
1476 1475 29.06
1476 1477 79.11
1477 1476 79.11
1474 1476 3.46
1476 1474 3.46
1474 1478 81.65
1478 1474 81.65
1479 1480 51.88
1480 1479 51.88
1480 1481 78.71
1481 1480 78.71
1482 1483 80.82
1483 1482 80.82
1483 1484 58.19
1484 1483 58.19
1483 1485 31.01
1485 1483 31.01
1478 1486 28.29
1486 1478 28.29
1478 1487 29.9
1487 1478 29.9
1488 1489 19.38
1489 1488 19.38
1490 1491 28.33
1491 1490 28.33
1491 1492 13.23
1492 1491 13.23
1493 1494 208.95
1494 1493 208.95
1494 1495 154.26
1495 1494 154.26
1495 1496 1121.42
1496 1495 1121.42
1497 1498 111.21
1498 1497 111.21
1479 1499 86.13
1499 1479 86.13
1479 1500 6.34
1500 1479 6.34
1501 1502 26.71
1502 1501 26.71
1502 1503 25.39
1503 1502 25.39
1503 1504 18.95
1504 1503 18.95
1505 1506 21.51
1506 1505 21.51
1507 1508 20.35
1508 1507 20.35
1508 1509 10.51
1509 1508 10.51
1508 1510 9.39
1510 1508 9.39
1511 1512 16.77
1512 1511 16.77
1511 1513 56.83
1513 1511 56.83
1511 1514 159.04
1514 1511 159.04
1515 1516 47.94
1516 1515 47.94
1514 1517 66.66
1517 1514 66.66
1514 1518 114.37
1518 1514 114.37
1499 1512 47.35
1512 1499 47.35
1512 1519 30.66
1519 1512 30.66
1512 1520 6.61
1520 1512 6.61
1521 1522 22.43
1522 1521 22.43
1521 1523 10.84
1523 1521 10.84
1521 1524 17.73
1524 1521 17.73
1525 1526 0.31
1526 1525 0.31
1527 1528 53.6
1528 1527 53.6
1529 1530 0.51
1530 1529 0.51
1531 1532 0.3
1532 1531 0.3
1533 1534 79.89
1534 1533 79.89
1519 1535 42.11
1535 1519 42.11
1519 1536 81.03
1536 1519 81.03
1537 1538 462.29
1538 1537 462.29
1537 1539 15.2
1539 1537 15.2
1537 1540 488.24
