1 2 139.36
2 1 139.36
3 4 31.5
4 3 31.5
4 5 35.89
5 4 35.89
4 6 47.91
6 4 47.91
5 7 26.35
7 5 26.35
5 8 20.47
8 5 20.47
7 9 14.8
9 7 14.8
6 7 38.74
7 6 38.74
8 9 79.65
9 8 79.65
8 10 104.09
10 8 104.09
11 12 10.43
12 11 10.43
12 13 137.56
13 12 137.56
12 14 64.85
14 12 64.85
15 16 160.82
16 15 160.82
15 17 20.34
17 15 20.34
18 19 144.23
19 18 144.23
20 21 137.57
21 20 137.57
22 23 48.39
23 22 48.39
22 24 155.48
24 22 155.48
22 25 42.0
25 22 42.0
26 27 38.01
27 26 38.01
28 29 92.58
29 28 92.58
30 31 40.6
31 30 40.6
32 33 42.81
33 32 42.81
34 35 186.37
35 34 186.37
36 37 33.03
37 36 33.03
38 39 61.59
39 38 61.59
38 40 49.81
40 38 49.81
40 41 38.75
41 40 38.75
42 43 14.03
43 42 14.03
41 42 44.04
42 41 44.04
44 45 22.04
45 44 22.04
44 46 33.05
46 44 33.05
47 48 47.12
48 47 47.12
48 49 7.99
49 48 7.99
48 50 187.67
50 48 187.67
51 52 64.4
52 51 64.4
51 53 50.69
53 51 50.69
54 55 153.12
55 54 153.12
56 57 9.7
57 56 9.7
57 58 47.1
58 57 47.1
59 60 155.53
60 59 155.53
61 62 6.81
62 61 6.81
61 63 185.12
63 61 185.12
64 65 41.71
65 64 41.71
64 66 24.62
66 64 24.62
67 68 18.91
68 67 18.91
67 69 15.58
69 67 15.58
70 71 186.5
71 70 186.5
72 73 92.24
73 72 92.24
74 75 51.66
75 74 51.66
74 76 132.56
76 74 132.56
74 77 91.35
77 74 91.35
78 79 10.96
79 78 10.96
79 80 47.32
80 79 47.32
79 81 75.44
81 79 75.44
82 83 33.3
83 82 33.3
84 85 83.7
85 84 83.7
86 87 117.96
87 86 117.96
88 89 30.79
89 88 30.79
89 90 28.6
90 89 28.6
91 92 16.94
92 91 16.94
91 93 37.83
93 91 37.83
91 94 129.19
94 91 129.19
94 95 31.79
95 94 31.79
94 96 56.69
96 94 56.69
97 98 24.77
98 97 24.77
97 99 113.3
99 97 113.3
97 100 95.88
100 97 95.88
101 102 101.63
102 101 101.63
98 102 64.76
102 98 64.76
102 103 80.68
103 102 80.68
101 104 22.84
104 101 22.84
95 105 16.42
105 95 16.42
92 95 100.98
95 92 100.98
106 107 47.15
107 106 47.15
104 107 66.51
107 104 66.51
107 108 46.49
108 107 46.49
109 110 226.73
110 109 226.73
93 109 104.77
109 93 104.77
109 111 28.07
111 109 28.07
110 112 24.51
112 110 24.51
110 113 30.74
113 110 30.74
114 115 18.28
115 114 18.28
115 116 36.1
116 115 36.1
117 118 104.13
118 117 104.13
119 120 51.57
120 119 51.57
121 122 37.63
122 121 37.63
123 124 16.1
124 123 16.1
124 125 21.23
125 124 21.23
126 127 7.57
127 126 7.57
127 128 11.5
128 127 11.5
127 129 15.74
129 127 15.74
126 128 5.71
128 126 5.71
126 129 15.8
129 126 15.8
130 131 14.51
131 130 14.51
130 132 10.89
132 130 10.89
130 133 26.8
133 130 26.8
134 135 120.97
135 134 120.97
134 136 31.81
136 134 31.81
137 138 120.03
138 137 120.03
139 140 6.77
140 139 6.77
139 141 15.18
141 139 15.18
139 142 24.18
142 139 24.18
143 144 11.21
144 143 11.21
43 145 34.87
145 43 34.87
146 147 14.45
147 146 14.45
148 149 11.41
149 148 11.41
140 148 9.47
148 140 9.47
150 151 12.06
151 150 12.06
151 152 16.67
152 151 16.67
141 151 16.71
151 141 16.71
153 154 192.98
154 153 192.98
155 156 129.06
156 155 129.06
155 157 45.17
157 155 45.17
155 158 117.88
158 155 117.88
142 159 17.18
159 142 17.18
142 152 22.73
152 142 22.73
160 161 10.94
161 160 10.94
161 162 19.41
162 161 19.41
163 164 20.9
164 163 20.9
165 166 221.32
166 165 221.32
167 168 119.45
168 167 119.45
168 169 99.39
169 168 99.39
168 170 68.85
170 168 68.85
171 172 164.02
172 171 164.02
173 174 61.69
174 173 61.69
174 175 38.4
175 174 38.4
176 177 32.26
177 176 32.26
178 179 19.56
179 178 19.56
180 181 133.57
181 180 133.57
180 182 63.25
182 180 63.25
180 183 42.92
183 180 42.92
180 184 34.29
184 180 34.29
185 186 4.03
186 185 4.03
185 187 11.86
187 185 11.86
185 188 6.51
188 185 6.51
189 190 28.75
190 189 28.75
191 192 15.14
192 191 15.14
191 193 179.15
193 191 179.15
191 194 326.14
194 191 326.14
195 196 199.64
196 195 199.64
195 197 1333.39
197 195 1333.39
154 198 36.56
198 154 36.56
198 199 171.28
199 198 171.28
199 200 65.19
200 199 65.19
201 202 6.76
202 201 6.76
203 204 5.08
204 203 5.08
205 206 45.06
206 205 45.06
207 208 7.5
208 207 7.5
209 210 2.87
210 209 2.87
209 211 53.7
211 209 53.7
209 212 10.9
212 209 10.9
213 214 53.37
214 213 53.37
215 216 76.39
216 215 76.39
217 218 24.8
218 217 24.8
219 220 30.7
220 219 30.7
221 222 15.58
222 221 15.58
223 224 18.69
224 223 18.69
223 225 6.88
225 223 6.88
226 227 195.93
227 226 195.93
228 229 37.89
229 228 37.89
228 230 59.2
230 228 59.2
231 232 112.37
232 231 112.37
233 234 71.86
234 233 71.86
235 236 103.65
236 235 103.65
235 237 48.61
237 235 48.61
235 238 72.73
238 235 72.73
239 240 84.74
240 239 84.74
240 241 60.02
241 240 60.02
240 242 156.83
242 240 156.83
243 244 17.64
244 243 17.64
239 243 33.67
243 239 33.67
236 245 72.63
245 236 72.63
236 246 132.57
246 236 132.57
247 248 26.0
248 247 26.0
247 249 128.1
249 247 128.1
247 250 65.93
250 247 65.93
251 252 39.3
252 251 39.3
253 254 186.64
254 253 186.64
255 256 13.99
256 255 13.99
257 258 103.41
258 257 103.41
259 260 155.59
260 259 155.59
261 262 31.41
262 261 31.41
262 263 33.76
263 262 33.76
262 264 134.54
264 262 134.54
262 265 22.78
265 262 22.78
262 266 41.24
266 262 41.24
267 268 90.67
268 267 90.67
268 269 23.01
269 268 23.01
268 270 51.81
270 268 51.81
78 271 36.11
271 78 36.11
78 272 67.81
272 78 67.81
273 274 4.12
274 273 4.12
275 276 3.41
276 275 3.41
277 278 139.6
278 277 139.6
279 280 11.32
280 279 11.32
281 282 6.82
282 281 6.82
283 284 5.55
284 283 5.55
285 286 3.1
286 285 3.1
287 288 107.22
288 287 107.22
287 289 55.12
289 287 55.12
287 290 27.4
290 287 27.4
287 291 5.76
291 287 5.76
292 293 24.88
293 292 24.88
293 294 70.8
294 293 70.8
295 296 143.67
296 295 143.67
297 298 4.74
298 297 4.74
299 300 89.89
300 299 89.89
301 302 4.81
302 301 4.81
302 303 93.83
303 302 93.83
302 304 52.47
304 302 52.47
232 305 47.83
305 232 47.83
306 307 37.22
307 306 37.22
308 309 9.83
309 308 9.83
301 309 231.3
309 301 231.3
309 310 134.33
310 309 134.33
311 312 10.04
312 311 10.04
313 314 12.85
314 313 12.85
301 315 31.25
315 301 31.25
316 317 21.07
317 316 21.07
318 319 21.66
319 318 21.66
318 320 32.25
320 318 32.25
321 322 46.64
322 321 46.64
322 323 5.74
323 322 5.74
324 325 5.18
325 324 5.18
324 326 30.49
326 324 30.49
308 327 6.89
327 308 6.89
308 328 164.0
328 308 164.0
308 329 188.78
329 308 188.78
323 325 20.93
325 323 20.93
330 331 33.48
331 330 33.48
326 332 18.45
332 326 18.45
332 333 22.23
333 332 22.23
334 335 96.32
335 334 96.32
334 336 95.04
336 334 95.04
336 337 7.49
337 336 7.49
337 338 8.9
338 337 8.9
338 339 53.39
339 338 53.39
340 341 117.83
341 340 117.83
339 340 7.3
340 339 7.3
342 343 43.33
343 342 43.33
342 344 63.99
344 342 63.99
342 345 64.57
345 342 64.57
342 346 74.53
346 342 74.53
347 348 54.0
348 347 54.0
349 350 60.44
350 349 60.44
351 352 99.57
352 351 99.57
352 353 3.05
353 352 3.05
354 355 72.56
355 354 72.56
355 356 17.14
356 355 17.14
355 357 100.78
357 355 100.78
354 358 79.51
358 354 79.51
359 360 40.52
360 359 40.52
361 362 16.02
362 361 16.02
362 363 9.9
363 362 9.9
360 362 6.77
362 360 6.77
363 364 52.98
364 363 52.98
365 366 10.69
366 365 10.69
367 368 70.47
368 367 70.47
369 370 189.66
370 369 189.66
369 371 312.96
371 369 312.96
372 373 153.81
373 372 153.81
372 374 809.7
374 372 809.7
372 375 365.95
375 372 365.95
376 377 5.79
377 376 5.79
376 378 96.34
378 376 96.34
376 379 79.42
379 376 79.42
380 381 109.77
381 380 109.77
382 383 2.16
383 382 2.16
382 384 55.81
384 382 55.81
385 386 145.75
386 385 145.75
387 388 17.63
388 387 17.63
389 390 77.88
390 389 77.88
389 391 4.45
391 389 4.45
392 393 30.73
393 392 30.73
392 394 169.01
394 392 169.01
392 395 48.46
395 392 48.46
391 393 37.29
393 391 37.29
393 396 195.6
396 393 195.6
397 398 24.13
398 397 24.13
399 400 29.13
400 399 29.13
399 401 18.51
401 399 18.51
398 401 77.84
401 398 77.84
402 403 19.47
403 402 19.47
403 404 18.92
404 403 18.92
404 405 45.07
405 404 45.07
404 406 33.36
406 404 33.36
157 407 62.63
407 157 62.63
157 408 20.79
408 157 20.79
409 410 66.96
410 409 66.96
411 412 54.1
412 411 54.1
413 414 50.73
414 413 50.73
415 416 177.02
416 415 177.02
416 417 26.6
417 416 26.6
418 419 32.56
419 418 32.56
419 420 14.63
420 419 14.63
421 422 47.74
422 421 47.74
423 424 56.52
424 423 56.52
425 426 12.63
426 425 12.63
427 428 302.33
428 427 302.33
429 430 4.73
430 429 4.73
431 432 51.73
432 431 51.73
433 434 45.15
434 433 45.15
435 436 74.16
436 435 74.16
437 438 60.93
438 437 60.93
438 439 39.14
439 438 39.14
440 441 84.75
441 440 84.75
125 129 29.68
129 125 29.68
442 443 9.5
443 442 9.5
443 444 5.7
444 443 5.7
443 445 19.4
445 443 19.4
445 446 9.31
446 445 9.31
445 447 31.9
447 445 31.9
448 449 11.17
449 448 11.17
448 450 4.72
450 448 4.72
448 451 5.49
451 448 5.49
452 453 9.06
453 452 9.06
452 454 11.94
454 452 11.94
452 455 24.16
455 452 24.16
451 453 11.51
453 451 11.51
453 455 9.41
455 453 9.41
449 453 10.28
453 449 10.28
449 456 9.85
456 449 9.85
456 457 12.11
457 456 12.11
450 456 10.47
456 450 10.47
442 456 9.96
456 442 9.96
121 458 27.38
458 121 27.38
458 459 16.01
459 458 16.01
457 460 10.67
460 457 10.67
457 461 4.8
461 457 4.8
462 463 11.25
463 462 11.25
462 464 12.88
464 462 12.88
462 465 57.93
465 462 57.93
133 462 15.51
462 133 15.51
131 133 15.4
133 131 15.4
446 449 9.95
449 446 9.95
466 467 112.69
467 466 112.69
468 469 13.31
469 468 13.31
463 470 112.1
470 463 112.1
471 472 58.31
472 471 58.31
469 473 7.58
473 469 7.58
469 474 151.35
474 469 151.35
469 475 25.98
475 469 25.98
117 474 9.2
474 117 9.2
474 476 35.31
476 474 35.31
461 476 8.19
476 461 8.19
444 461 31.47
461 444 31.47
477 478 7.02
478 477 7.02
444 479 6.8
479 444 6.8
479 480 30.01
480 479 30.01
442 446 14.33
446 442 14.33
481 482 12.08
482 481 12.08
482 483 48.03
483 482 48.03
482 484 26.84
484 482 26.84
446 455 15.62
455 446 15.62
485 486 20.64
486 485 20.64
451 454 1.85
454 451 1.85
454 487 3.13
487 454 3.13
488 489 11.78
489 488 11.78
489 490 8.7
490 489 8.7
489 491 2.79
491 489 2.79
489 492 5.81
492 489 5.81
487 490 8.0
490 487 8.0
450 490 10.59
490 450 10.59
493 494 20.09
494 493 20.09
494 495 4.27
495 494 4.27
494 496 5.32
496 494 5.32
496 497 1.93
497 496 1.93
498 499 34.49
499 498 34.49
498 500 209.3
500 498 209.3
498 501 25.82
501 498 25.82
502 503 45.31
503 502 45.31
503 504 71.08
504 503 71.08
503 505 190.21
505 503 190.21
503 506 44.61
506 503 44.61
507 508 7.93
508 507 7.93
508 509 2.8
509 508 2.8
495 508 16.44
508 495 16.44
507 510 8.21
510 507 8.21
495 507 14.05
507 495 14.05
509 510 8.98
510 509 8.98
509 511 15.12
511 509 15.12
473 510 19.98
510 473 19.98
512 513 104.75
513 512 104.75
510 514 30.28
514 510 30.28
515 516 21.99
516 515 21.99
511 517 7.98
517 511 7.98
511 518 20.82
518 511 20.82
103 519 52.52
519 103 52.52
103 520 83.64
520 103 83.64
103 104 112.86
104 103 112.86
103 521 81.65
521 103 81.65
522 523 12.21
523 522 12.21
520 523 64.46
523 520 64.46
523 524 15.55
524 523 15.55
523 525 77.78
525 523 77.78
526 527 9.15
527 526 9.15
526 528 52.57
528 526 52.57
526 529 14.19
529 526 14.19
530 531 14.74
531 530 14.74
531 532 11.08
532 531 11.08
531 533 12.07
533 531 12.07
532 534 9.54
534 532 9.54
532 535 13.44
535 532 13.44
517 518 23.29
518 517 23.29
514 518 22.5
518 514 22.5
106 536 5.82
536 106 5.82
530 536 11.18
536 530 11.18
535 536 9.84
536 535 9.84
530 537 7.59
537 530 7.59
123 538 17.72
538 123 17.72
120 125 10.23
125 120 10.23
537 539 28.57
539 537 28.57
539 540 3.77
540 539 3.77
541 542 129.97
542 541 129.97
542 543 92.32
543 542 92.32
542 544 28.05
544 542 28.05
250 541 107.75
541 250 107.75
250 545 71.94
545 250 71.94
546 547 45.57
547 546 45.57
356 548 39.66
548 356 39.66
549 550 79.58
550 549 79.58
544 549 25.69
549 544 25.69
549 551 72.7
551 549 72.7
550 552 69.52
552 550 69.52
552 553 83.9
553 552 83.9
552 554 70.24
554 552 70.24
554 555 21.48
555 554 21.48
554 556 63.19
556 554 63.19
557 558 60.13
558 557 60.13
559 560 130.86
560 559 130.86
559 561 12.19
561 559 12.19
559 562 39.36
562 559 39.36
559 563 9.99
563 559 9.99
128 564 10.5
564 128 10.5
565 566 5.51
566 565 5.51
565 567 13.64
567 565 13.64
564 565 14.07
565 564 14.07
566 568 7.89
568 566 7.89
566 569 7.82
569 566 7.82
570 571 9.1
571 570 9.1
570 572 10.96
572 570 10.96
570 573 23.86
573 570 23.86
571 574 10.63
574 571 10.63
571 575 11.16
575 571 11.16
571 573 9.97
573 571 9.97
574 576 32.87
576 574 32.87
574 577 11.28
577 574 11.28
575 577 4.28
577 575 4.28
572 575 3.74
575 572 3.74
573 578 39.4
578 573 39.4
572 579 3.49
579 572 3.49
538 580 20.31
580 538 20.31
538 567 6.21
567 538 6.21
581 582 46.3
582 581 46.3
582 583 6.94
583 582 6.94
582 584 10.02
584 582 10.02
584 585 38.61
585 584 38.61
577 584 5.55
584 577 5.55
568 579 3.88
579 568 3.88
579 586 9.13
586 579 9.13
579 587 11.62
587 579 11.62
568 586 8.13
586 568 8.13
568 588 11.6
588 568 11.6
569 583 4.31
583 569 4.31
569 589 10.93
589 569 10.93
569 586 7.77
586 569 7.77
583 590 17.17
590 583 17.17
583 586 8.84
586 583 8.84
587 588 9.28
588 587 9.28
587 591 13.72
591 587 13.72
564 588 9.44
588 564 9.44
588 592 19.15
592 588 19.15
564 593 6.28
593 564 6.28
567 594 3.01
594 567 3.01
567 589 8.12
589 567 8.12
589 595 16.25
595 589 16.25
596 597 200.63
597 596 200.63
592 598 19.28
598 592 19.28
591 599 14.39
599 591 14.39
487 599 12.24
599 487 12.24
598 599 9.66
599 598 9.66
598 600 9.72
600 598 9.72
598 601 12.75
601 598 12.75
600 602 5.88
602 600 5.88
600 603 14.73
603 600 14.73
517 600 15.25
600 517 15.25
487 601 1.82
601 487 1.82
491 604 11.65
604 491 11.65
491 605 8.42
605 491 8.42
604 606 15.7
606 604 15.7
496 604 10.96
604 496 10.96
496 603 12.09
603 496 12.09
314 607 60.52
607 314 60.52
607 608 26.59
608 607 26.59
607 609 147.49
609 607 147.49
488 604 8.34
604 488 8.34
492 610 11.45
610 492 11.45
610 611 6.43
611 610 6.43
488 610 11.48
610 488 11.48
488 612 8.68
612 488 8.68
460 492 3.4
492 460 3.4
450 460 6.81
460 450 6.81
601 605 10.21
605 601 10.21
613 614 13.44
614 613 13.44
613 615 21.5
615 613 21.5
613 616 16.77
616 613 16.77
613 617 15.36
617 613 15.36
613 618 14.17
618 613 14.17
613 619 15.13
619 613 15.13
162 620 9.76
620 162 9.76
162 621 23.81
621 162 23.81
160 622 10.9
622 160 10.9
160 623 8.63
623 160 8.63
160 624 9.91
624 160 9.91
603 605 5.67
605 603 5.67
514 625 9.23
625 514 9.23
121 625 8.01
625 121 8.01
121 626 24.75
626 121 24.75
475 626 29.26
626 475 29.26
627 628 14.72
628 627 14.72
629 630 5.73
630 629 5.73
629 631 28.04
631 629 28.04
632 633 9.92
633 632 9.92
633 634 34.77
634 633 34.77
635 636 43.2
636 635 43.2
636 637 48.25
637 636 48.25
638 639 62.06
639 638 62.06
638 640 123.08
640 638 123.08
641 642 11.3
642 641 11.3
641 643 32.9
643 641 32.9
643 644 10.71
644 643 10.71
643 645 10.81
645 643 10.81
643 646 9.92
646 643 9.92
640 647 20.47
647 640 20.47
648 649 13.1
649 648 13.1
649 650 61.68
650 649 61.68
651 652 8.06
652 651 8.06
652 653 25.29
653 652 25.29
652 654 11.26
654 652 11.26
652 655 22.12
655 652 22.12
656 657 6.81
657 656 6.81
657 658 14.4
658 657 14.4
534 657 15.05
657 534 15.05
659 660 4.66
660 659 4.66
661 662 8.13
662 661 8.13
662 663 34.59
663 662 34.59
662 664 88.19
664 662 88.19
665 666 12.8
666 665 12.8
664 666 7.83
666 664 7.83
666 667 16.08
667 666 16.08
667 668 61.47
668 667 61.47
668 669 36.25
669 668 36.25
668 670 35.52
670 668 35.52
671 672 26.07
672 671 26.07
673 674 14.06
674 673 14.06
674 675 128.74
675 674 128.74
674 676 20.66
676 674 20.66
677 678 173.39
678 677 173.39
676 679 24.89
679 676 24.89
673 679 17.54
679 673 17.54
679 680 43.96
680 679 43.96
681 682 27.02
682 681 27.02
682 683 27.48
683 682 27.48
684 685 16.33
685 684 16.33
685 686 103.97
686 685 103.97
685 687 59.24
687 685 59.24
688 689 54.74
689 688 54.74
690 691 20.95
691 690 20.95
688 692 8.65
692 688 8.65
693 694 74.31
694 693 74.31
695 696 37.29
696 695 37.29
697 698 176.97
698 697 176.97
698 699 42.13
699 698 42.13
700 701 255.69
701 700 255.69
702 703 236.15
703 702 236.15
704 705 169.9
705 704 169.9
706 707 79.07
707 706 79.07
705 708 11.89
708 705 11.89
560 708 131.44
708 560 131.44
708 709 39.39
709 708 39.39
708 710 102.14
710 708 102.14
708 711 16.27
711 708 16.27
705 712 95.88
712 705 95.88
705 713 17.28
713 705 17.28
714 715 25.71
715 714 25.71
716 717 65.92
717 716 65.92
718 719 108.65
719 718 108.65
720 721 175.6
721 720 175.6
721 722 28.77
722 721 28.77
723 724 356.13
724 723 356.13
724 725 44.32
725 724 44.32
720 726 56.01
726 720 56.01
727 728 52.3
728 727 52.3
729 730 32.11
730 729 32.11
731 732 375.94
732 731 375.94
733 734 67.29
734 733 67.29
723 734 79.67
734 723 79.67
395 735 114.89
735 395 114.89
736 737 62.72
737 736 62.72
737 738 156.13
738 737 156.13
739 740 8.26
740 739 8.26
738 741 17.67
741 738 17.67
738 742 61.21
742 738 61.21
743 744 272.93
744 743 272.93
744 745 142.99
745 744 142.99
741 744 105.14
744 741 105.14
746 747 165.95
747 746 165.95
742 746 155.71
746 742 155.71
742 748 181.59
748 742 181.59
749 750 70.67
750 749 70.67
751 752 31.73
752 751 31.73
752 753 18.43
753 752 18.43
754 755 31.17
755 754 31.17
756 757 114.16
757 756 114.16
758 759 19.27
759 758 19.27
759 760 10.48
760 759 10.48
732 761 16.99
761 732 16.99
761 762 206.86
762 761 206.86
763 764 15.83
764 763 15.83
765 766 47.85
766 765 47.85
765 767 21.82
767 765 21.82
765 768 8.45
768 765 8.45
769 770 5.78
770 769 5.78
769 771 58.6
771 769 58.6
772 773 231.3
773 772 231.3
774 775 120.77
775 774 120.77
776 777 50.05
777 776 50.05
169 777 70.63
777 169 70.63
778 779 38.92
779 778 38.92
780 781 44.22
781 780 44.22
782 783 32.54
783 782 32.54
783 784 37.17
784 783 37.17
785 786 82.88
786 785 82.88
634 785 12.38
785 634 12.38
787 788 73.0
788 787 73.0
789 790 14.47
790 789 14.47
790 791 75.23
791 790 75.23
792 793 53.95
793 792 53.95
793 794 68.98
794 793 68.98
795 796 12.15
796 795 12.15
796 797 56.22
797 796 56.22
798 799 9.64
799 798 9.64
314 800 91.65
800 314 91.65
800 801 5.88
801 800 5.88
800 802 5.35
802 800 5.35
803 804 76.25
804 803 76.25
725 805 289.62
805 725 289.62
805 806 83.3
806 805 83.3
807 808 7.41
808 807 7.41
807 809 9.89
809 807 9.89
808 809 11.58
809 808 11.58
725 810 45.98
810 725 45.98
718 725 205.02
725 718 205.02
810 811 73.66
811 810 73.66
329 812 31.34
812 329 31.34
809 813 21.47
813 809 21.47
814 815 351.39
815 814 351.39
816 817 134.36
817 816 134.36
818 819 80.55
819 818 80.55
820 821 277.26
821 820 277.26
821 822 354.42
822 821 354.42
780 823 51.02
823 780 51.02
780 824 50.42
824 780 50.42
825 826 25.73
826 825 25.73
826 827 84.98
827 826 84.98
828 829 72.57
829 828 72.57
830 831 6.78
831 830 6.78
831 832 36.27
832 831 36.27
832 833 24.97
833 832 24.97
834 835 1.96
835 834 1.96
834 836 37.22
836 834 37.22
837 838 12.19
838 837 12.19
839 840 123.64
840 839 123.64
841 842 88.33
842 841 88.33
690 843 70.88
843 690 70.88
844 845 185.41
845 844 185.41
846 847 451.13
847 846 451.13
848 849 6.72
849 848 6.72
848 850 5.96
850 848 5.96
851 852 11.41
852 851 11.41
851 853 44.46
853 851 44.46
854 855 36.09
855 854 36.09
854 856 37.47
856 854 37.47
854 857 42.4
857 854 42.4
858 859 7.75
859 858 7.75
859 860 6.29
860 859 6.29
859 861 10.2
861 859 10.2
861 862 10.57
862 861 10.57
861 863 8.13
863 861 8.13
857 864 4.0
864 857 4.0
857 865 75.34
865 857 75.34
866 867 27.39
867 866 27.39
868 869 156.74
869 868 156.74
374 870 6.38
870 374 6.38
871 872 10.99
872 871 10.99
871 873 131.88
873 871 131.88
871 874 168.13
874 871 168.13
874 875 24.99
875 874 24.99
873 874 111.3
874 873 111.3
873 876 25.36
876 873 25.36
877 878 137.52
878 877 137.52
879 880 66.41
880 879 66.41
882 883 12.16
883 882 12.16
884 885 64.13
885 884 64.13
882 884 22.91
884 882 22.91
884 886 83.6
886 884 83.6
884 887 56.71
887 884 56.71
886 888 26.58
888 886 26.58
885 886 47.23
886 885 47.23
889 890 26.88
890 889 26.88
891 892 89.12
892 891 89.12
888 892 127.25
892 888 127.25
892 893 39.4
893 892 39.4
887 894 73.34
894 887 73.34
885 887 32.21
887 885 32.21
895 896 14.63
896 895 14.63
897 898 31.36
898 897 31.36
898 899 9.56
899 898 9.56
898 900 22.37
900 898 22.37
901 902 334.36
902 901 334.36
903 904 92.85
904 903 92.85
901 905 163.14
905 901 163.14
885 906 14.61
906 885 14.61
907 908 36.97
908 907 36.97
909 910 1226.35
910 909 1226.35
911 912 152.07
912 911 152.07
911 913 19.63
913 911 19.63
911 914 43.13
914 911 43.13
485 915 112.7
915 485 112.7
916 917 20.17
917 916 20.17
916 918 20.65
918 916 20.65
917 919 20.05
919 917 20.05
919 920 20.21
920 919 20.21
920 921 20.72
921 920 20.72
921 922 42.42
922 921 42.42
923 924 20.19
924 923 20.19
924 925 19.21
925 924 19.21
925 926 20.2
926 925 20.2
926 927 8.67
927 926 8.67
927 928 11.13
928 927 11.13
927 929 149.86
929 927 149.86
928 930 19.95
930 928 19.95
930 931 20.08
931 930 20.08
932 933 45.66
933 932 45.66
934 935 155.15
935 934 155.15
936 937 32.04
937 936 32.04
936 938 144.55
938 936 144.55
939 940 80.14
940 939 80.14
939 941 11.77
941 939 11.77
942 943 1.45
943 942 1.45
944 945 1.72
945 944 1.72
945 946 18.8
946 945 18.8
945 947 28.18
947 945 28.18
948 949 31.21
949 948 31.21
894 950 23.64
950 894 23.64
894 951 29.58
951 894 29.58
952 953 6.91
953 952 6.91
891 954 112.18
954 891 112.18
954 955 40.81
955 954 40.81
951 954 95.02
954 951 95.02
956 957 7.49
957 956 7.49
957 958 235.8
958 957 235.8
959 960 206.34
960 959 206.34
959 961 7.69
961 959 7.69
962 963 9.51
963 962 9.51
962 964 38.4
964 962 38.4
965 966 54.81
966 965 54.81
967 968 11.06
968 967 11.06
968 969 16.92
969 968 16.92
970 971 109.85
971 970 109.85
972 973 6.92
973 972 6.92
974 975 31.96
975 974 31.96
976 977 53.08
977 976 53.08
978 979 9.9
979 978 9.9
980 981 17.04
981 980 17.04
981 982 10.67
982 981 10.67
981 983 25.76
983 981 25.76
984 985 45.19
985 984 45.19
986 987 37.68
987 986 37.68
986 988 93.96
988 986 93.96
986 989 161.8
989 986 161.8
990 991 74.0
991 990 74.0
991 992 5.29
992 991 5.29
991 993 135.34
993 991 135.34
617 994 59.27
994 617 59.27
994 995 35.06
995 994 35.06
996 997 64.94
997 996 64.94
996 998 60.0
998 996 60.0
996 999 22.71
999 996 22.71
998 1000 10.74
1000 998 10.74
1000 1001 151.0
1001 1000 151.0
1001 1002 94.96
1002 1001 94.96
437 1001 11.63
1001 437 11.63
1001 1003 28.59
1003 1001 28.59
1004 1005 87.04
1005 1004 87.04
1006 1007 46.39
1007 1006 46.39
1008 1009 31.64
1009 1008 31.64
1010 1011 20.59
1011 1010 20.59
1012 1013 84.79
1013 1012 84.79
1013 1014 56.93
1014 1013 56.93
1015 1016 16.54
1016 1015 16.54
929 1016 93.37
1016 929 93.37
1017 1018 11.04
1018 1017 11.04
1019 1020 133.53
1020 1019 133.53
1021 1022 64.7
1022 1021 64.7
1021 1023 122.43
1023 1021 122.43
1021 1024 187.29
1024 1021 187.29
1021 1025 148.61
1025 1021 148.61
1023 1026 4.1
1026 1023 4.1
1027 1028 106.39
1028 1027 106.39
1027 1029 98.72
1029 1027 98.72
1027 1030 233.16
1030 1027 233.16
1027 1031 45.08
1031 1027 45.08
1032 1033 66.3
1033 1032 66.3
1032 1034 38.74
1034 1032 38.74
1035 1036 59.56
1036 1035 59.56
1037 1038 88.21
1038 1037 88.21
1039 1040 178.9
1040 1039 178.9
1041 1042 218.23
1042 1041 218.23
1041 1043 106.95
1043 1041 106.95
1044 1045 63.52
1045 1044 63.52
1046 1047 60.11
1047 1046 60.11
1047 1048 6.02
1048 1047 6.02
1049 1050 146.35
1050 1049 146.35
1051 1052 85.6
1052 1051 85.6
1052 1053 29.52
1053 1052 29.52
1054 1055 25.17
1055 1054 25.17
1054 1056 19.71
1056 1054 19.71
1057 1058 76.02
1058 1057 76.02
1059 1060 22.63
1060 1059 22.63
1059 1061 53.79
1061 1059 53.79
132 660 73.29
660 132 73.29
1062 1063 67.06
1063 1062 67.06
1064 1065 70.59
1065 1064 70.59
1064 1066 45.77
1066 1064 45.77
1061 1067 28.29
1067 1061 28.29
1061 1068 62.01
1068 1061 62.01
1068 1069 24.66
1069 1068 24.66
1068 1070 55.81
1070 1068 55.81
1068 1071 43.78
1071 1068 43.78
1065 1072 34.6
1072 1065 34.6
1070 1071 56.01
1071 1070 56.01
1071 1073 72.62
1073 1071 72.62
1074 1075 118.44
1075 1074 118.44
1076 1077 180.12
1077 1076 180.12
1078 1079 86.63
1079 1078 86.63
1079 1080 53.19
1080 1079 53.19
1079 1081 88.19
1081 1079 88.19
1082 1083 22.18
1083 1082 22.18
1084 1085 10.31
1085 1084 10.31
1084 1086 41.8
1086 1084 41.8
1084 1087 12.8
1087 1084 12.8
1088 1089 98.73
1089 1088 98.73
264 1085 5.28
1085 264 5.28
1090 1091 538.66
1091 1090 538.66
1092 1093 4.49
1093 1092 4.49
1092 1094 43.17
1094 1092 43.17
1095 1096 87.77
1096 1095 87.77
1097 1098 10.42
1098 1097 10.42
1099 1100 19.86
1100 1099 19.86
156 158 61.49
158 156 61.49
158 1101 42.91
1101 158 42.91
158 1102 203.68
1102 158 203.68
156 1103 85.43
1103 156 85.43
1103 1104 97.11
1104 1103 97.11
1103 1105 66.15
1105 1103 66.15
1103 1106 171.21
1106 1103 171.21
1105 1107 92.49
1107 1105 92.49
1105 1108 161.19
1108 1105 161.19
1107 1109 4.47
1109 1107 4.47
1107 1110 89.54
1110 1107 89.54
395 1111 6.89
1111 395 6.89
1112 1113 42.2
1113 1112 42.2
1091 1114 74.78
1114 1091 74.78
1115 1116 45.07
1116 1115 45.07
1117 1118 8.83
1118 1117 8.83
1119 1120 174.29
1120 1119 174.29
1121 1122 174.76
1122 1121 174.76
1122 1123 148.43
1123 1122 148.43
1122 1124 315.51
1124 1122 315.51
1125 1126 13.92
1126 1125 13.92
1125 1127 10.34
1127 1125 10.34
1126 1128 250.83
1128 1126 250.83
1129 1130 71.37
1130 1129 71.37
1131 1132 10.66
1132 1131 10.66
1133 1134 19.13
1134 1133 19.13
1134 1135 10.5
1135 1134 10.5
1134 1136 96.35
1136 1134 96.35
1135 1137 43.18
1137 1135 43.18
1135 1138 40.98
1138 1135 40.98
1139 1140 4.69
1140 1139 4.69
1138 1140 11.57
1140 1138 11.57
1140 1141 42.82
1141 1140 42.82
1142 1143 17.27
1143 1142 17.27
1143 1144 112.49
1144 1143 112.49
1143 1145 53.27
1145 1143 53.27
1146 1147 30.71
1147 1146 30.71
1148 1149 75.8
1149 1148 75.8
1150 1151 114.18
1151 1150 114.18
1152 1153 12.01
1153 1152 12.01
1153 1154 33.86
1154 1153 33.86
1155 1156 5.95
1156 1155 5.95
1156 1157 136.85
1157 1156 136.85
1158 1159 23.16
1159 1158 23.16
1160 1161 16.31
1161 1160 16.31
1160 1162 33.55
1162 1160 33.55
1163 1164 214.94
1164 1163 214.94
1165 1166 392.42
1166 1165 392.42
1167 1168 34.14
1168 1167 34.14
1167 1169 22.91
1169 1167 22.91
1170 1171 16.99
1171 1170 16.99
1170 1172 17.57
1172 1170 17.57
1170 1173 17.46
1173 1170 17.46
1170 1174 7.77
1174 1170 7.77
1175 1176 16.87
1176 1175 16.87
1177 1178 8.78
1178 1177 8.78
1179 1180 85.65
1180 1179 85.65
1179 1181 41.03
1181 1179 41.03
1179 1182 130.62
1182 1179 130.62
1183 1184 8.25
1184 1183 8.25
1185 1186 212.01
1186 1185 212.01
856 1187 19.58
1187 856 19.58
856 947 47.51
947 856 47.51
1188 1189 47.14
1189 1188 47.14
1188 1190 25.5
1190 1188 25.5
1188 1191 27.84
1191 1188 27.84
1192 1193 426.65
1193 1192 426.65
1194 1195 41.8
1195 1194 41.8
1196 1197 30.44
1197 1196 30.44
1197 1198 29.77
1198 1197 29.77
1197 1199 33.81
1199 1197 33.81
1197 1200 23.81
1200 1197 23.81
1201 1202 23.8
1202 1201 23.8
1202 1203 12.02
1203 1202 12.02
1202 1204 30.52
1204 1202 30.52
1202 1205 34.02
1205 1202 34.02
1198 1202 29.25
1202 1198 29.25
1202 1206 22.11
1206 1202 22.11
1202 1207 23.97
1207 1202 23.97
1198 1201 18.03
1201 1198 18.03
1198 1208 30.35
1208 1198 30.35
1198 1209 19.93
1209 1198 19.93
1198 1210 15.77
1210 1198 15.77
1198 1211 15.99
1211 1198 15.99
1198 1212 33.37
1212 1198 33.37
1195 1213 40.89
1213 1195 40.89
1195 1214 21.96
1214 1195 21.96
1214 1215 25.49
1215 1214 25.49
1216 1217 24.36
1217 1216 24.36
1218 1219 5.09
1219 1218 5.09
1220 1221 46.68
1221 1220 46.68
1222 1223 21.27
1223 1222 21.27
1224 1225 155.55
1225 1224 155.55
1226 1227 14.17
1227 1226 14.17
1228 1229 247.02
1229 1228 247.02
1228 1230 153.03
1230 1228 153.03
1227 1231 56.05
1231 1227 56.05
1232 1233 18.6
1233 1232 18.6
1234 1235 39.25
1235 1234 39.25
370 1186 26.67
1186 370 26.67
370 1236 305.9
1236 370 305.9
1237 1238 230.01
1238 1237 230.01
1239 1240 50.19
1240 1239 50.19
1236 1241 130.09
1241 1236 130.09
1242 1243 31.86
1243 1242 31.86
1242 1244 93.6
1244 1242 93.6
1245 1246 350.95
1246 1245 350.95
1247 1248 13.41
1248 1247 13.41
1248 1249 11.55
1249 1248 11.55
1250 1251 162.02
1251 1250 162.02
1252 1253 98.08
1253 1252 98.08
1254 1255 14.79
1255 1254 14.79
1256 1257 27.38
1257 1256 27.38
1257 1258 14.43
1258 1257 14.43
1257 1259 31.16
1259 1257 31.16
1256 1260 2.69
1260 1256 2.69
1260 1261 14.11
1261 1260 14.11
1260 1262 19.81
1262 1260 19.81
1263 1264 5.41
1264 1263 5.41
1265 1266 13.49
1266 1265 13.49
1266 1267 13.84
1267 1266 13.84
1268 1269 79.99
1269 1268 79.99
1270 1271 6.36
1271 1270 6.36
1270 1272 5.94
1272 1270 5.94
1273 1274 8.82
1274 1273 8.82
1275 1276 50.32
1276 1275 50.32
1240 1277 36.75
1277 1240 36.75
1278 1279 6.1
1279 1278 6.1
1280 1281 4.59
1281 1280 4.59
1281 1282 16.83
1282 1281 16.83
1283 1284 8.88
1284 1283 8.88
1284 1285 5.64
1285 1284 5.64
1286 1287 10.57
1287 1286 10.57
1288 1289 189.07
1289 1288 189.07
1289 1290 178.91
1290 1289 178.91
784 1289 163.22
1289 784 163.22
1291 1292 37.76
1292 1291 37.76
1291 1293 17.6
1293 1291 17.6
1291 1294 13.27
1294 1291 13.27
1295 1296 13.82
1296 1295 13.82
1296 1297 13.62
1297 1296 13.62
1082 1296 48.77
1296 1082 48.77
1082 1298 48.45
1298 1082 48.45
1082 1295 13.65
1295 1082 13.65
1299 1300 71.74
1300 1299 71.74
1299 1301 118.73
1301 1299 118.73
1302 1303 138.41
1303 1302 138.41
1304 1305 200.26
1305 1304 200.26
1306 1307 17.1
1307 1306 17.1
1307 1308 14.12
1308 1307 14.12
1309 1310 10.45
1310 1309 10.45
535 1311 7.41
1311 535 7.41
1312 1313 177.91
1313 1312 177.91
1312 1314 392.29
1314 1312 392.29
1315 1316 30.15
1316 1315 30.15
1316 1317 19.49
1317 1316 19.49
1318 1319 53.34
1319 1318 53.34
1319 1320 66.88
1320 1319 66.88
830 1321 166.85
1321 830 166.85
1322 1323 52.69
1323 1322 52.69
1324 1325 185.92
1325 1324 185.92
1326 1327 71.71
1327 1326 71.71
1327 1328 12.86
1328 1327 12.86
1327 1329 6.43
1329 1327 6.43
1317 1330 17.42
1330 1317 17.42
1315 1317 24.85
1317 1315 24.85
80 1329 81.97
1329 80 81.97
1329 1331 12.92
1331 1329 12.92
242 1331 54.62
1331 242 54.62
1328 1331 12.11
1331 1328 12.11
1332 1333 6.8
1333 1332 6.8
1332 1334 29.26
1334 1332 29.26
1332 1335 76.37
1335 1332 76.37
1335 1336 68.36
1336 1335 68.36
1336 1337 45.83
1337 1336 45.83
1338 1339 6.85
1339 1338 6.85
349 1340 39.92
1340 349 39.92
1340 1341 8.8
1341 1340 8.8
1342 1343 9.18
1343 1342 9.18
1342 1344 94.25
1344 1342 94.25
1345 1346 39.27
1346 1345 39.27
1347 1348 33.1
1348 1347 33.1
1346 1348 97.32
1348 1346 97.32
1349 1350 110.26
1350 1349 110.26
1351 1352 112.98
1352 1351 112.98
1353 1354 56.1
1354 1353 56.1
1355 1356 102.9
1356 1355 102.9
1357 1358 23.58
1358 1357 23.58
1357 1359 61.48
1359 1357 61.48
1360 1361 24.24
1361 1360 24.24
1361 1362 11.19
1362 1361 11.19
1361 1363 18.42
1363 1361 18.42
1364 1365 23.19
1365 1364 23.19
1364 1366 5.33
1366 1364 5.33
1367 1368 17.15
1368 1367 17.15
1362 1368 36.09
1368 1362 36.09
1366 1368 7.69
1368 1366 7.69
1366 1369 12.94
1369 1366 12.94
1370 1371 688.05
1371 1370 688.05
1372 1373 19.81
1373 1372 19.81
1372 1374 165.48
1374 1372 165.48
1375 1376 243.87
1376 1375 243.87
1377 1378 753.54
1378 1377 753.54
1379 1380 63.32
1380 1379 63.32
1379 1381 65.18
1381 1379 65.18
1382 1383 75.5
1383 1382 75.5
1382 1384 78.06
1384 1382 78.06
1385 1386 32.82
1386 1385 32.82
655 1386 70.35
1386 655 70.35
1386 1387 19.4
1387 1386 19.4
655 1385 35.92
1385 655 35.92
1388 1389 39.35
1389 1388 39.35
1388 1390 69.32
1390 1388 69.32
1388 1391 62.35
1391 1388 62.35
1392 1393 61.43
1393 1392 61.43
335 1394 10.53
1394 335 10.53
1395 1396 140.7
1396 1395 140.7
1397 1398 11.2
1398 1397 11.2
1399 1400 11.7
1400 1399 11.7
1401 1402 186.58
1402 1401 186.58
1396 1402 178.58
1402 1396 178.58
1402 1403 104.5
1403 1402 104.5
1404 1405 22.19
1405 1404 22.19
1405 1406 113.5
1406 1405 113.5
1405 1407 98.98
1407 1405 98.98
1408 1409 874.48
1409 1408 874.48
1410 1411 27.8
1411 1410 27.8
1411 1412 30.17
1412 1411 30.17
1413 1414 8.32
1414 1413 8.32
1414 1415 116.82
1415 1414 116.82
1416 1417 72.7
1417 1416 72.7
1418 1419 102.13
1419 1418 102.13
1416 1420 27.0
1420 1416 27.0
1416 1421 56.05
1421 1416 56.05
1422 1423 40.7
1423 1422 40.7
1422 1424 46.44
1424 1422 46.44
1425 1426 115.62
1426 1425 115.62
1427 1428 105.96
1428 1427 105.96
1426 1429 56.02
1429 1426 56.02
1426 1430 34.06
1430 1426 34.06
1431 1432 30.16
1432 1431 30.16
1433 1434 597.49
1434 1433 597.49
1435 1436 11.14
1436 1435 11.14
1435 1437 80.9
1437 1435 80.9
1438 1439 18.32
1439 1438 18.32
1440 1441 283.73
1441 1440 283.73
1441 1442 101.75
1442 1441 101.75
1441 1443 49.75
1443 1441 49.75
1443 1444 289.54
1444 1443 289.54
1445 1446 404.05
1446 1445 404.05
1445 1447 178.25
1447 1445 178.25
1445 1448 152.29
1448 1445 152.29
1444 1449 96.09
1449 1444 96.09
1123 1449 240.33
1449 1123 240.33
1450 1451 315.86
1451 1450 315.86
1452 1453 35.27
1453 1452 35.27
1454 1455 7.89
1455 1454 7.89
1455 1456 211.51
1456 1455 211.51
1455 1457 441.33
1457 1455 441.33
1455 1458 190.63
1458 1455 190.63
1456 1459 68.03
1459 1456 68.03
1460 1461 237.87
1461 1460 237.87
1462 1463 19.69
1463 1462 19.69
1464 1465 86.74
1465 1464 86.74
1466 1467 84.34
1467 1466 84.34
1468 1469 156.87
1469 1468 156.87
1469 1470 191.87
1470 1469 191.87
1469 1471 233.82
1471 1469 233.82
37 1472 32.52
1472 37 32.52
1472 1473 73.84
1473 1472 73.84
1474 1475 138.19
1475 1474 138.19
1476 1477 6.99
1477 1476 6.99
1478 1479 3.36
1479 1478 3.36
1480 1481 64.61
1481 1480 64.61
1482 1483 703.66
1483 1482 703.66
1484 1485 33.28
1485 1484 33.28
1485 1486 4.47
1486 1485 4.47
1485 1487 62.95
1487 1485 62.95
1488 1489 29.8
1489 1488 29.8
1488 1490 50.63
1490 1488 50.63
1486 1488 37.07
1488 1486 37.07
1489 1491 35.91
1491 1489 35.91
1489 1492 62.38
1492 1489 62.38
1486 1489 57.3
1489 1486 57.3
1493 1494 73.51
1494 1493 73.51
1494 1495 191.82
1495 1494 191.82
1494 1496 23.17
1496 1494 23.17
1495 1497 30.08
1497 1495 30.08
1493 1495 43.33
1495 1493 43.33
1493 1498 43.13
1498 1493 43.13
380 1499 8.12
1499 380 8.12
1499 1500 71.3
1500 1499 71.3
1499 1501 72.31
1501 1499 72.31
1502 1503 28.69
1503 1502 28.69
1504 1505 42.51
1505 1504 42.51
1504 1506 27.48
1506 1504 27.48
1504 1507 27.28
1507 1504 27.28
1503 1508 45.38
1508 1503 45.38
1508 1509 14.97
1509 1508 14.97
1508 1510 29.95
1510 1508 29.95
1508 1511 28.77
1511 1508 28.77
1503 1505 54.68
1505 1503 54.68
1500 1512 41.17
1512 1500 41.17
1500 1513 71.31
1513 1500 71.31
1514 1515 16.0
1515 1514 16.0
1514 1516 78.19
1516 1514 78.19
1514 1517 82.76
1517 1514 82.76
1518 1519 60.55
1519 1518 60.55
1520 1521 65.07
1521 1520 65.07
1522 1523 142.89
1523 1522 142.89
1519 1524 29.63
1524 1519 29.63
1519 1525 19.83
1525 1519 19.83
1526 1527 28.75
1527 1526 28.75
1527 1528 31.05
1528 1527 31.05
1527 1529 37.39
1529 1527 37.39
1527 1530 44.74
1530 1527 44.74
1524 1531 19.7
1531 1524 19.7
1532 1533 9.71
1533 1532 9.71
1532 1534 15.98
1534 1532 15.98
1524 1532 14.26
1532 1524 14.26
1534 1535 6.35
1535 1534 6.35
1535 1536 21.34
1536 1535 21.34
782 1537 135.57
1537 782 135.57
782 1538 66.19
1538 782 66.19
1539 1540 18.97
1540 1539 18.97
1106 1108 104.62
1108 1106 104.62
1108 1541 27.9
1541 1108 27.9
1542 1543 0.33
1543 1542 0.33
1544 1545 0.2
1545 1544 0.2
1546 1547 102.0
1547 1546 102.0
1548 1549 60.06
1549 1548 60.06
1548 1550 59.06
1550 1548 59.06
1551 1552 52.65
1552 1551 52.65
1553 1554 10.9
1554 1553 10.9
1554 1555 6.96
1555 1554 6.96
1556 1557 40.0
1557 1556 40.0
1556 1558 34.58
1558 1556 34.58
1556 1559 57.17
1559 1556 57.17
1438 1560 21.01
1560 1438 21.01
1561 1562 53.07
1562 1561 53.07
1561 1563 14.0
1563 1561 14.0
69 1561 23.75
1561 69 23.75
1564 1565 13.48
1565 1564 13.48
1564 1566 30.69
1566 1564 30.69
1564 1567 72.3
1567 1564 72.3
1564 1568 67.2
1568 1564 67.2
1566 1569 28.67
1569 1566 28.67
1569 1570 26.95
1570 1569 26.95
1569 1571 28.11
1571 1569 28.11
1569 1572 17.95
1572 1569 17.95
1570 1572 18.91
1572 1570 18.91
1572 1573 20.21
1573 1572 20.21
1573 1574 13.97
1574 1573 13.97
1575 1576 26.36
1576 1575 26.36
1136 1577 23.24
1577 1136 23.24
1578 1579 41.37
1579 1578 41.37
1580 1581 20.91
1581 1580 20.91
1580 1582 74.08
1582 1580 74.08
1583 1584 29.24
1584 1583 29.24
1585 1586 17.71
1586 1585 17.71
233 1587 89.57
1587 233 89.57
1586 1588 39.31
1588 1586 39.31
1586 1589 17.88
1589 1586 17.88
1588 1590 4.09
1590 1588 4.09
1591 1592 11.76
1592 1591 11.76
1593 1594 132.05
1594 1593 132.05
1595 1596 131.17
1596 1595 131.17
1595 1597 133.95
1597 1595 133.95
618 1598 2.54
1598 618 2.54
1599 1600 148.3
1600 1599 148.3
619 1601 57.04
1601 619 57.04
1602 1603 28.92
1603 1602 28.92
1604 1605 259.48
1605 1604 259.48
1606 1607 12.98
1607 1606 12.98
1608 1609 23.18
1609 1608 23.18
1609 1610 46.88
1610 1609 46.88
1611 1612 11.87
1612 1611 11.87
1473 1613 31.34
1613 1473 31.34
1614 1615 27.6
1615 1614 27.6
1614 1616 402.15
1616 1614 402.15
326 333 7.9
333 326 7.9
1617 1618 33.89
1618 1617 33.89
1618 1619 37.92
1619 1618 37.92
1617 1620 14.26
1620 1617 14.26
1621 1622 44.28
1622 1621 44.28
1621 1623 54.73
1623 1621 54.73
1624 1625 133.89
1625 1624 133.89
1626 1627 68.69
1627 1626 68.69
1626 1628 6.73
1628 1626 6.73
1626 1629 63.73
1629 1626 63.73
1630 1631 10.39
1631 1630 10.39
1630 1632 9.89
1632 1630 9.89
1630 1633 34.61
1633 1630 34.61
187 1634 16.84
1634 187 16.84
187 1635 4.39
1635 187 4.39
1636 1637 49.31
1637 1636 49.31
1637 1638 73.49
1638 1637 73.49
520 1637 101.19
1637 520 101.19
481 1639 41.57
1639 481 41.57
1639 1640 62.28
1640 1639 62.28
1639 1641 25.07
1641 1639 25.07
1642 1643 8.87
1643 1642 8.87
1643 1644 36.07
1644 1643 36.07
1643 1645 45.66
1645 1643 45.66
241 1644 15.38
1644 241 15.38
483 1644 44.86
1644 483 44.86
483 1640 55.04
1640 483 55.04
1646 1647 103.1
1647 1646 103.1
330 1648 79.61
1648 330 79.61
330 1649 69.59
1649 330 69.59
1650 1651 17.06
1651 1650 17.06
1652 1653 48.93
1653 1652 48.93
1654 1655 33.54
1655 1654 33.54
1655 1656 15.54
1656 1655 15.54
1657 1658 46.69
1658 1657 46.69
100 1657 20.3
1657 100 20.3
1657 1659 21.89
1659 1657 21.89
100 1660 13.65
1660 100 13.65
1661 1662 18.72
1662 1661 18.72
1662 1663 11.29
1663 1662 11.29
1660 1662 86.83
1662 1660 86.83
1662 1664 11.05
1664 1662 11.05
1665 1666 6.82
1666 1665 6.82
1358 1661 35.19
1661 1358 35.19
1658 1661 48.46
1661 1658 48.46
1667 1668 19.78
1668 1667 19.78
1669 1670 150.21
1670 1669 150.21
1670 1671 131.28
1671 1670 131.28
1672 1673 96.44
1673 1672 96.44
1674 1675 6.21
1675 1674 6.21
1675 1676 18.83
1676 1675 18.83
1677 1678 33.19
1678 1677 33.19
1677 1679 44.4
1679 1677 44.4
1680 1681 65.17
1681 1680 65.17
1680 1682 34.36
1682 1680 34.36
1683 1684 34.24
1684 1683 34.24
1685 1686 13.83
1686 1685 13.83
431 1687 60.09
1687 431 60.09
1688 1689 32.75
1689 1688 32.75
1690 1691 13.7
1691 1690 13.7
1692 1693 81.76
1693 1692 81.76
1694 1695 7.12
1695 1694 7.12
1695 1696 6.72
1696 1695 6.72
1697 1698 4.73
1698 1697 4.73
1697 1699 12.26
1699 1697 12.26
1697 1700 97.7
1700 1697 97.7
1701 1702 10.23
1702 1701 10.23
1698 1702 6.75
1702 1698 6.75
858 1702 117.77
1702 858 117.77
1703 1704 154.16
1704 1703 154.16
1705 1706 85.78
1706 1705 85.78
1707 1708 40.07
1708 1707 40.07
801 1709 38.86
1709 801 38.86
801 1710 21.12
1710 801 21.12
1711 1712 26.1
1712 1711 26.1
1713 1714 15.0
1714 1713 15.0
1713 1715 135.28
1715 1713 135.28
1713 1716 41.82
1716 1713 41.82
1717 1718 3.75
1718 1717 3.75
1718 1719 64.44
1719 1718 64.44
1720 1721 102.96
1721 1720 102.96
1722 1723 20.89
1723 1722 20.89
1724 1725 10.93
1725 1724 10.93
1725 1726 106.4
1726 1725 106.4
1727 1728 9.93
1728 1727 9.93
1727 1729 56.31
1729 1727 56.31
1730 1731 80.55
1731 1730 80.55
1732 1733 524.49
1733 1732 524.49
1098 1734 28.88
1734 1098 28.88
1734 1735 10.39
1735 1734 10.39
1736 1737 338.96
1737 1736 338.96
1737 1738 110.83
1738 1737 110.83
1737 1739 55.12
1739 1737 55.12
1740 1741 33.18
1741 1740 33.18
1741 1742 40.76
1742 1741 40.76
1741 1743 142.25
1743 1741 142.25
1744 1745 27.4
1745 1744 27.4
1745 1746 29.86
1746 1745 29.86
1745 1747 80.98
1747 1745 80.98
1748 1749 6.9
1749 1748 6.9
1746 1749 49.54
1749 1746 49.54
1748 1750 87.05
1750 1748 87.05
1744 1751 68.51
1751 1744 68.51
1744 1746 17.78
1746 1744 17.78
1752 1753 144.0
1753 1752 144.0
1754 1755 54.45
1755 1754 54.45
1756 1757 143.56
1757 1756 143.56
1758 1759 30.04
1759 1758 30.04
1759 1760 11.63
1760 1759 11.63
1759 1761 7.19
1761 1759 7.19
1761 1762 21.76
1762 1761 21.76
1760 1761 15.33
1761 1760 15.33
1763 1764 152.62
1764 1763 152.62
1765 1766 111.39
1766 1765 111.39
1766 1767 57.01
1767 1766 57.01
1768 1769 27.44
1769 1768 27.44
1768 1770 47.19
1770 1768 47.19
1771 1772 4.95
1772 1771 4.95
1707 1773 19.73
1773 1707 19.73
1774 1775 7.63
1775 1774 7.63
1736 1776 79.3
1776 1736 79.3
1777 1778 54.64
1778 1777 54.64
1777 1779 108.44
1779 1777 108.44
1777 1780 172.36
1780 1777 172.36
1777 1781 88.63
1781 1777 88.63
1782 1783 73.5
1783 1782 73.5
1782 1784 3.6
1784 1782 3.6
1782 1785 107.14
1785 1782 107.14
